AMMINOACIDO	ARGP820102	CHAM830101	CHAM830107	CHAM830108	CHOP780204	CHOP780205	CHOP780206	CHOP780207	EISD860101	FAUJ880108 	FAUJ880111 	FAUJ880112	GUYH850101	JANJ780101	KRIW790101	ZIMJ680102	ONEK900102	steric_parameter	polarizability	volume	isoelectric_point	helix_probability	sheet_probability	hydrophobicity
A	1.18	0.71	0	0	1.29	1.20	0.70	0.52	0.67	-0.01	0	0	0.10	27.8	4.32	11.50	-0.77	1.28	0.05	1	6.11	0.42	0.23	0.31
R	0.20	1.06	0	1	0.44	1.25	0.34	1.24	-2.1	0.04	1	0	1.91	94.7	6.55	14.28	-0.68	2.34	0.29	6.13	10.74	0.36	0.25	-1.01
N	0.23	1.37	1	1	0.81	0.59	1.42	1.64	-0.6	0.06	0	0	0.48	60.1	6.24	12.82	-0.07	1.6	0.13	2.95	6.52	0.21	0.22	-0.60
D	0.05	1.21	1	0	2.02	0.61	0.98	1.06	-1.2	0.15	0	1	0.78	60.6	6.04	11.68	-0.15	1.6	0.11	2.78	2.95	0.25	0.2	-0.77
C	1.89	1.19	0	1	0.66	1.11	0.65	0.94	0.38	0.12	0	0	-1.42	15.5	1.73	13.46	-0.23	1.77	0.13	2.43	6.35	0.17	0.41	1.54
E	0.11	0.84	1	0	2.44	1.24	1.04	0.59	-0.76	0.07	0	1	0.83	68.2	6.17	13.57	-0.27	1.56	0.15	3.78	3.09	0.42	0.21	-0.64
Q	0.72	0.87	0	1	1.22	1.22	0.75	0.70	-0.22	0.05	0	0	0.95	68.7	6.13	14.45	-0.33	1.56	0.18	3.95	5.65	0.36	0.25	-0.22
G	0.49	1.52	1	0	0.76	0.42	1.41	1.64	0	0	0	0	0.33	24.5	6.09	3.40	0	0	0	0	6.07	0.13	0.15	0.00
H	0.31	1.07	0	1	0.73	1.77	1.22	1.86	0.64	0.08	1	0	-0.50 	50.7	5.66	13.69	-0.06	2.99	0.23	4.66	7.69	0.27	0.3	0.13
I	1.45	0.66	0	0	0.67	0.98	0.78	0.87	1.9	-0.01	0	0	-1.13	22.8	2.31	21.40	-0.23	4.19	0.19	4	6.04	0.3	0.45	1.80
L	3.23	0.69	0	0	0.58	1.13	0.85	0.84	1.9	-0.01	0	0	-1.18	27.6	3.93	21.40	-0.62	2.59	0.19	4	6.04	0.39	0.31	1.70
K	0.06	0.99	0	1	0.66	1.83	1.01	1.49	-0.57	0	1	0	1.40	103	7.92	15.71	-0.65	1.89	0.22	4.77	9.99	0.32	0.27	-0.99
M	2.67	0.59	0	1	0.71	1.57	0.83	0.52	2.4	0.04	0	0	-1.59	33.5	2.44	16.25	-0.50	2.35	0.22	4.43	5.71	0.38	0.32	1.23
F	1.96	0.71	0	1	0.61	1.10	0.93	1.04	2.3	0.03	0	0	-2.12	25.5	2.59	19.80	-0.41	2.94	0.29	5.89	5.67	0.3	0.38	1.79
P	0.76	1.61	0	0	2.01	0	1.10	1.58	1.2	0	0	0	0.73	51.5	7.19	17.43	3	2.67	0	2.72	6.8	0.13	0.34	0.72
S	0.97	1.34	0	0	0.74	0.96	1.55	0.93	0.01	0.11	0	0	0.52	42	5.37	9.47	-0.35	1.31	0.06	1.6	5.7	0.2	0.28	-0.04
T	0.84	1.08	0	0	1.08	0.75	1.09	0.86	0.52	0.04	0	0	0.07	45	5.16	15.77	-0.11	3.03	0.11	2.6	5.6	0.21	0.36	0.26
W	0.77	0.76	0	1	1.47	0.40	0.62	0.16	2.6	0	0	0	-0.51	34.7	2.78	21.67	-0.45	3.21	0.41	8.08	5.94	0.32	0.42	2.25
Y	0.39	1.07	0	1	0.68	0.73	0.99	0.96	1.6	0.03	0	0	-0.21	55.2	3.58	18.03	-0.17	2.94	0.3	6.47	5.66	0.25	0.41	0.96
V	1.08	0.63	0	0	0.61	1.25	0.75	0.32	1.5	0.01	0	0	-1.27	23.7	3.31	21.57	-0.14	3.67	0.14	3	6.02	0.27	0.49	1.22
