#	SW.1.alphaticr	SW.1.aromatic	SW.1.postivecharger	SW.1.negativecharger	SW.1.uncharger	SW.2.alphaticr	SW.2.aromatic	SW.2.postivecharger	SW.2.negativecharger	SW.2.uncharger
AAAQAA	0.8	0.0	0.0	0.0	0.2	0.8	0.0	0.0	0.0	0.2
AAELRN	0.6	0.0	0.2	0.2	0.0	0.4	0.0	0.2	0.2	0.2
AAIDWF	0.6	0.2	0.0	0.2	0.0	0.4	0.4	0.0	0.2	0.0
AAIGWG	0.8	0.2	0.0	0.0	0.0	0.8	0.2	0.0	0.0	0.0
AAIIGQ	1.0	0.0	0.0	0.0	0.0	0.8	0.0	0.0	0.0	0.2
AALQSS	0.6	0.0	0.0	0.0	0.4	0.4	0.0	0.0	0.0	0.6
AAPKPK	0.4	0.0	0.2	0.0	0.4	0.2	0.0	0.4	0.0	0.4
AAQAAL	0.8	0.0	0.0	0.0	0.2	0.8	0.0	0.0	0.0	0.2
AARRFF	0.4	0.2	0.4	0.0	0.0	0.2	0.4	0.4	0.0	0.0
AATVYV	0.6	0.2	0.0	0.0	0.2	0.6	0.2	0.0	0.0	0.2
AAVDQT	0.6	0.0	0.0	0.2	0.2	0.4	0.0	0.0	0.2	0.4
ACGVIG	0.8	0.0	0.0	0.0	0.2	0.8	0.0	0.0	0.0	0.2
ADVGQG	0.6	0.0	0.0	0.2	0.2	0.6	0.0	0.0	0.2	0.2
ADVSIE	0.6	0.0	0.0	0.2	0.2	0.4	0.0	0.0	0.4	0.2
AEKLFD	0.4	0.2	0.2	0.2	0.0	0.2	0.2	0.2	0.4	0.0
AEMEYL	0.4	0.2	0.0	0.4	0.0	0.4	0.2	0.0	0.4	0.0
AENGKS	0.4	0.0	0.2	0.2	0.2	0.2	0.0	0.2	0.2	0.4
AESDKK	0.2	0.0	0.2	0.4	0.2	0.0	0.0	0.4	0.4	0.2
AETKEP	0.2	0.0	0.2	0.4	0.2	0.0	0.0	0.2	0.4	0.4
AEVLAL	0.8	0.0	0.0	0.2	0.0	0.8	0.0	0.0	0.2	0.0
AEVVFT	0.6	0.2	0.0	0.2	0.0	0.4	0.2	0.0	0.2	0.2
AFSINP	0.4	0.2	0.0	0.0	0.4	0.2	0.2	0.0	0.0	0.6
AGFQPQ	0.4	0.2	0.0	0.0	0.4	0.2	0.2	0.0	0.0	0.6
AGGYYQ	0.6	0.4	0.0	0.0	0.0	0.4	0.4	0.0	0.0	0.2
AGSGSG	0.6	0.0	0.0	0.0	0.4	0.6	0.0	0.0	0.0	0.4
AGVNYF	0.6	0.2	0.0	0.0	0.2	0.4	0.4	0.0	0.0	0.2
AGYQQQ	0.4	0.2	0.0	0.0	0.4	0.2	0.2	0.0	0.0	0.6
AIDWFD	0.4	0.4	0.0	0.2	0.0	0.2	0.4	0.0	0.4	0.0
AIGWGS	0.8	0.2	0.0	0.0	0.0	0.6	0.2	0.0	0.0	0.2
AIIGLM	1.0	0.0	0.0	0.0	0.0	1.0	0.0	0.0	0.0	0.0
AILSST	0.6	0.0	0.0	0.0	0.4	0.4	0.0	0.0	0.0	0.6
AINKIQ	0.6	0.0	0.2	0.0	0.2	0.4	0.0	0.2	0.0	0.4
AISNNN	0.4	0.0	0.0	0.0	0.6	0.2	0.0	0.0	0.0	0.8
AIVAGD	1.0	0.0	0.0	0.0	0.0	0.8	0.0	0.0	0.2	0.0
AIVAGS	1.0	0.0	0.0	0.0	0.0	0.8	0.0	0.0	0.0	0.2
AIVAGT	1.0	0.0	0.0	0.0	0.0	0.8	0.0	0.0	0.0	0.2
ALALQT	0.8	0.0	0.0	0.0	0.2	0.6	0.0	0.0	0.0	0.4
ALEEYT	0.4	0.2	0.0	0.4	0.0	0.2	0.2	0.0	0.4	0.2
ALQSSW	0.4	0.0	0.0	0.0	0.6	0.2	0.2	0.0	0.0	0.6
ALQTDA	0.4	0.0	0.0	0.2	0.4	0.4	0.0	0.0	0.2	0.4
AMMAAA	1.0	0.0	0.0	0.0	0.0	1.0	0.0	0.0	0.0	0.0
AMNITN	0.6	0.0	0.0	0.0	0.4	0.4	0.0	0.0	0.0	0.6
ANATKK	0.4	0.0	0.2	0.0	0.4	0.2	0.0	0.4	0.0	0.4
ANFLVH	0.6	0.2	0.0	0.0	0.2	0.4	0.2	0.2	0.0	0.2
ANNNSN	0.2	0.0	0.0	0.0	0.8	0.0	0.0	0.0	0.0	1.0
ANNYSS	0.2	0.2	0.0	0.0	0.6	0.0	0.2	0.0	0.0	0.8
APKPKK	0.2	0.0	0.4	0.0	0.4	0.0	0.0	0.6	0.0	0.4
AQAALQ	0.8	0.0	0.0	0.0	0.2	0.6	0.0	0.0	0.0	0.4
AQAQPA	0.4	0.0	0.0	0.0	0.6	0.4	0.0	0.0	0.0	0.6
AQFIIS	0.6	0.2	0.0	0.0	0.2	0.4	0.2	0.0	0.0	0.4
AQIVYK	0.6	0.2	0.0	0.0	0.2	0.4	0.2	0.2	0.0	0.2
AQPAGG	0.6	0.0	0.0	0.0	0.4	0.6	0.0	0.0	0.0	0.4
ASNAGS	0.6	0.0	0.0	0.0	0.4	0.4	0.0	0.0	0.0	0.6
ASQQNQ	0.2	0.0	0.0	0.0	0.8	0.0	0.0	0.0	0.0	1.0
ASRQNQ	0.2	0.0	0.2	0.0	0.6	0.0	0.0	0.2	0.0	0.8
ASSSNY	0.2	0.0	0.0	0.0	0.8	0.0	0.2	0.0	0.0	0.8
ATAHQY	0.4	0.0	0.2	0.0	0.4	0.2	0.2	0.2	0.0	0.4
ATKKVD	0.4	0.0	0.4	0.0	0.2	0.2	0.0	0.4	0.2	0.2
ATLDQW	0.4	0.0	0.0	0.2	0.4	0.2	0.2	0.0	0.2	0.4
ATTRTV	0.2	0.0	0.2	0.0	0.6	0.2	0.0	0.2	0.0	0.6
ATVIIE	0.8	0.0	0.0	0.0	0.2	0.6	0.0	0.0	0.2	0.2
ATVQAF	0.6	0.0	0.0	0.0	0.4	0.4	0.2	0.0	0.0	0.4
ATVSFD	0.4	0.2	0.0	0.0	0.4	0.2	0.2	0.0	0.2	0.4
AVDQTA	0.4	0.0	0.0	0.2	0.4	0.4	0.0	0.0	0.2	0.4
AVFIIY	0.8	0.2	0.0	0.0	0.0	0.6	0.4	0.0	0.0	0.0
AVTTGV	0.6	0.0	0.0	0.0	0.4	0.6	0.0	0.0	0.0	0.4
AYNAQA	0.4	0.2	0.0	0.0	0.4	0.4	0.2	0.0	0.0	0.4
CATVYV	0.4	0.2	0.0	0.0	0.4	0.6	0.2	0.0	0.0	0.2
CGVIGI	0.8	0.0	0.0	0.0	0.2	1.0	0.0	0.0	0.0	0.0
CILFWG	0.4	0.4	0.0	0.0	0.2	0.6	0.4	0.0	0.0	0.0
CPSGNN	0.2	0.0	0.0	0.0	0.8	0.2	0.0	0.0	0.0	0.8
CQIVYK	0.4	0.2	0.0	0.0	0.4	0.4	0.2	0.2	0.0	0.2
CTIYWG	0.2	0.4	0.0	0.0	0.4	0.4	0.4	0.0	0.0	0.2
CTLWWG	0.2	0.4	0.0	0.0	0.4	0.4	0.4	0.0	0.0	0.2
CTVFIG	0.4	0.2	0.0	0.0	0.4	0.6	0.2	0.0	0.0	0.2
CTVWWG	0.2	0.4	0.0	0.0	0.4	0.4	0.4	0.0	0.0	0.2
DADLYL	0.4	0.2	0.0	0.4	0.0	0.6	0.2	0.0	0.2	0.0
DAGYQQ	0.4	0.2	0.0	0.2	0.2	0.4	0.2	0.0	0.0	0.4
DATVYV	0.4	0.2	0.0	0.2	0.2	0.6	0.2	0.0	0.0	0.2
DCVNIT	0.4	0.0	0.0	0.2	0.4	0.4	0.0	0.0	0.0	0.6
DDSLFF	0.2	0.2	0.0	0.4	0.2	0.2	0.4	0.0	0.2	0.2
DECFFF	0.0	0.4	0.0	0.4	0.2	0.0	0.6	0.0	0.2	0.2
DENNTF	0.0	0.0	0.0	0.4	0.6	0.0	0.2	0.0	0.2	0.6
DETVIV	0.4	0.0	0.0	0.4	0.2	0.6	0.0	0.0	0.2	0.2
DFNKFH	0.0	0.4	0.2	0.2	0.2	0.0	0.4	0.4	0.0	0.2
DFQKQQ	0.0	0.2	0.2	0.2	0.4	0.0	0.2	0.2	0.0	0.6
DHCIIG	0.4	0.0	0.2	0.2	0.2	0.6	0.0	0.2	0.0	0.2
DHCIIW	0.4	0.0	0.2	0.2	0.2	0.4	0.2	0.2	0.0	0.2
DIDLHL	0.4	0.0	0.2	0.4	0.0	0.6	0.0	0.2	0.2	0.0
DIEVDL	0.4	0.0	0.0	0.6	0.0	0.6	0.0	0.0	0.4	0.0
DILTYT	0.4	0.2	0.0	0.2	0.2	0.4	0.2	0.0	0.0	0.4
DKKEEE	0.0	0.0	0.4	0.6	0.0	0.0	0.0	0.4	0.6	0.0
DLLKNG	0.4	0.0	0.2	0.2	0.2	0.6	0.0	0.2	0.0	0.2
DLTITQ	0.4	0.0	0.0	0.2	0.4	0.4	0.0	0.0	0.0	0.6
DLTQRG	0.2	0.0	0.2	0.2	0.4	0.4	0.0	0.2	0.0	0.4
DNNTIF	0.2	0.0	0.0	0.2	0.6	0.2	0.2	0.0	0.0	0.6
DQIVYK	0.4	0.2	0.0	0.2	0.2	0.4	0.2	0.2	0.0	0.2
DQTASN	0.2	0.0	0.0	0.2	0.6	0.2	0.0	0.0	0.0	0.8
DQWNGK	0.2	0.2	0.0	0.2	0.4	0.2	0.2	0.2	0.0	0.4
DSNQGN	0.2	0.0	0.0	0.2	0.6	0.2	0.0	0.0	0.0	0.8
DSVISL	0.4	0.0	0.0	0.2	0.4	0.6	0.0	0.0	0.0	0.4
DTKPAE	0.2	0.0	0.2	0.2	0.4	0.2	0.0	0.2	0.2	0.4
DTVIIE	0.6	0.0	0.0	0.2	0.2	0.6	0.0	0.0	0.2	0.2
DVGQGS	0.6	0.0	0.0	0.2	0.2	0.6	0.0	0.0	0.0	0.4
DVNRNG	0.2	0.0	0.2	0.2	0.4	0.4	0.0	0.2	0.0	0.4
DVSIED	0.4	0.0	0.0	0.4	0.2	0.4	0.0	0.0	0.4	0.2
EALYLV	0.6	0.2	0.0	0.2	0.0	0.8	0.2	0.0	0.0	0.0
EATVSF	0.4	0.0	0.0	0.2	0.4	0.4	0.2	0.0	0.0	0.4
EATVYV	0.4	0.2	0.0	0.2	0.2	0.6	0.2	0.0	0.0	0.2
ECFFFE	0.0	0.6	0.0	0.2	0.2	0.0	0.6	0.0	0.2	0.2
EDSVIS	0.4	0.0	0.0	0.4	0.2	0.4	0.0	0.0	0.2	0.4
EECLFL	0.2	0.2	0.0	0.4	0.2	0.4	0.2	0.0	0.2	0.2
EEEKSA	0.0	0.0	0.2	0.6	0.2	0.2	0.0	0.2	0.4	0.2
EEKKEE	0.0	0.0	0.4	0.6	0.0	0.0	0.0	0.4	0.6	0.0
EEKPVQ	0.2	0.0	0.2	0.4	0.2	0.2	0.0	0.2	0.2	0.4
EEKSAE	0.2	0.0	0.2	0.4	0.2	0.2	0.0	0.2	0.4	0.2
EEKSEL	0.0	0.0	0.2	0.6	0.2	0.2	0.0	0.2	0.4	0.2
EEPVKK	0.2	0.0	0.2	0.4	0.2	0.2	0.0	0.4	0.2	0.2
EGVLYV	0.6	0.2	0.0	0.2	0.0	0.8	0.2	0.0	0.0	0.0
EHSDLS	0.2	0.0	0.2	0.4	0.2	0.2	0.0	0.2	0.2	0.4
EKDEYA	0.0	0.2	0.2	0.6	0.0	0.2	0.2	0.2	0.4	0.0
EKKEEK	0.0	0.0	0.4	0.6	0.0	0.0	0.0	0.6	0.4	0.0
EKNLYL	0.2	0.2	0.2	0.2	0.2	0.4	0.2	0.2	0.0	0.2
EKPVQT	0.2	0.0	0.2	0.2	0.4	0.2	0.0	0.2	0.0	0.6
EKSAET	0.2	0.0	0.2	0.4	0.2	0.2	0.0	0.2	0.2	0.4
EKSELP	0.2	0.0	0.2	0.4	0.2	0.2	0.0	0.2	0.2	0.4
ELNIYQ	0.4	0.2	0.0	0.2	0.2	0.4	0.2	0.0	0.0	0.4
ELPKVE	0.4	0.0	0.2	0.2	0.2	0.4	0.0	0.2	0.2	0.2
EMTVKQ	0.4	0.0	0.2	0.2	0.2	0.4	0.0	0.2	0.0	0.4
EPTKVE	0.2	0.0	0.2	0.2	0.4	0.2	0.0	0.2	0.2	0.4
EPTREP	0.0	0.0	0.2	0.4	0.4	0.0	0.0	0.2	0.2	0.6
EPVKKE	0.2	0.0	0.4	0.2	0.2	0.2	0.0	0.4	0.2	0.2
EQIVYK	0.4	0.2	0.0	0.2	0.2	0.4	0.2	0.2	0.0	0.2
ERGFFY	0.2	0.4	0.2	0.2	0.0	0.2	0.6	0.2	0.0	0.0
ERIEKV	0.2	0.0	0.4	0.4	0.0	0.4	0.0	0.4	0.2	0.0
ESDKKE	0.0	0.0	0.4	0.4	0.2	0.0	0.0	0.4	0.4	0.2
ESNTNN	0.0	0.0	0.0	0.2	0.8	0.0	0.0	0.0	0.0	1.0
ETKEPT	0.0	0.0	0.2	0.4	0.4	0.0	0.0	0.2	0.2	0.6
ETVIIE	0.6	0.0	0.0	0.2	0.2	0.6	0.0	0.0	0.2	0.2
ETVIVI	0.6	0.0	0.0	0.2	0.2	0.8	0.0	0.0	0.0	0.2
ETWFFG	0.0	0.6	0.0	0.2	0.2	0.2	0.6	0.0	0.0	0.2
EVDLLK	0.6	0.0	0.0	0.4	0.0	0.6	0.0	0.2	0.2	0.0
EVTTGV	0.4	0.0	0.0	0.2	0.4	0.6	0.0	0.0	0.0	0.4
EYLKIA	0.4	0.2	0.2	0.2	0.0	0.6	0.2	0.2	0.0	0.0
EYSNFS	0.0	0.4	0.0	0.2	0.4	0.0	0.4	0.0	0.0	0.6
FAIRHF	0.4	0.2	0.4	0.0	0.0	0.4	0.2	0.4	0.0	0.0
FATVYV	0.4	0.4	0.0	0.0	0.2	0.6	0.2	0.0	0.0	0.2
FERQHM	0.0	0.2	0.4	0.2	0.2	0.2	0.0	0.4	0.2	0.2
FESNFN	0.0	0.4	0.0	0.2	0.4	0.0	0.2	0.0	0.2	0.6
FFNLNN	0.2	0.4	0.0	0.0	0.4	0.2	0.2	0.0	0.0	0.6
FFWRFM	0.0	0.8	0.2	0.0	0.0	0.2	0.6	0.2	0.0	0.0
FFYTPK	0.0	0.6	0.0	0.0	0.4	0.0	0.4	0.2	0.0	0.4
FGAFSI	0.4	0.4	0.0	0.0	0.2	0.6	0.2	0.0	0.0	0.2
FGELFE	0.4	0.4	0.0	0.2	0.0	0.4	0.2	0.0	0.4	0.0
FGGGNG	0.6	0.2	0.0	0.0	0.2	0.8	0.0	0.0	0.0	0.2
FGNNAT	0.4	0.2	0.0	0.0	0.4	0.4	0.0	0.0	0.0	0.6
FGNQSG	0.2	0.2	0.0	0.0	0.6	0.4	0.0	0.0	0.0	0.6
FGNSAT	0.4	0.2	0.0	0.0	0.4	0.4	0.0	0.0	0.0	0.6
FGNSRG	0.2	0.2	0.2	0.0	0.4	0.4	0.0	0.2	0.0	0.4
FGTFSI	0.2	0.4	0.0	0.0	0.4	0.4	0.2	0.0	0.0	0.4
FHPSDI	0.0	0.2	0.2	0.2	0.4	0.2	0.0	0.2	0.2	0.4
FINYTN	0.2	0.4	0.0	0.0	0.4	0.2	0.2	0.0	0.0	0.6
FIVNIV	0.6	0.2	0.0	0.0	0.2	0.8	0.0	0.0	0.0	0.2
FKQIGI	0.4	0.2	0.2	0.0	0.2	0.6	0.0	0.2	0.0	0.2
FLKYFT	0.2	0.6	0.2	0.0	0.0	0.2	0.4	0.2	0.0	0.2
FLVHSS	0.4	0.2	0.2	0.0	0.2	0.4	0.0	0.2	0.0	0.4
FMFFII	0.4	0.6	0.0	0.0	0.0	0.6	0.4	0.0	0.0	0.0
FMFNDL	0.2	0.4	0.0	0.2	0.2	0.4	0.2	0.0	0.2	0.2
FMSNDL	0.2	0.2	0.0	0.2	0.4	0.4	0.0	0.0	0.2	0.4
FNKFGG	0.2	0.4	0.2	0.0	0.2	0.4	0.2	0.2	0.0	0.2
FNPQGG	0.2	0.2	0.0	0.0	0.6	0.4	0.0	0.0	0.0	0.6
FNYNNN	0.0	0.4	0.0	0.0	0.6	0.0	0.2	0.0	0.0	0.8
FQIVYK	0.4	0.4	0.0	0.0	0.2	0.4	0.2	0.2	0.0	0.2
FQKQQK	0.0	0.2	0.2	0.0	0.6	0.0	0.0	0.4	0.0	0.6
FQPQSQ	0.0	0.2	0.0	0.0	0.8	0.0	0.0	0.0	0.0	1.0
FSINPA	0.2	0.2	0.0	0.0	0.6	0.4	0.0	0.0	0.0	0.6
FSKDWS	0.0	0.4	0.2	0.2	0.2	0.0	0.2	0.2	0.2	0.4
FSNATN	0.2	0.2	0.0	0.0	0.6	0.2	0.0	0.0	0.0	0.8
FTFIQF	0.2	0.4	0.0	0.0	0.4	0.2	0.4	0.0	0.0	0.4
FTPTEK	0.0	0.2	0.0	0.2	0.6	0.0	0.0	0.2	0.2	0.6
FTVIIE	0.6	0.2	0.0	0.0	0.2	0.6	0.0	0.0	0.2	0.2
FVFYIF	0.4	0.6	0.0	0.0	0.0	0.4	0.6	0.0	0.0	0.0
FVNQHL	0.2	0.2	0.2	0.0	0.4	0.4	0.0	0.2	0.0	0.4
FYLLYY	0.4	0.6	0.0	0.0	0.0	0.4	0.6	0.0	0.0	0.0
FYTPKT	0.0	0.4	0.2	0.0	0.4	0.0	0.2	0.2	0.0	0.6
GAAIGW	1.0	0.0	0.0	0.0	0.0	0.8	0.2	0.0	0.0	0.0
GAAVDQ	0.8	0.0	0.0	0.2	0.0	0.6	0.0	0.0	0.2	0.2
GADVGQ	0.8	0.0	0.0	0.2	0.0	0.6	0.0	0.0	0.2	0.2
GAFSIN	0.6	0.2	0.0	0.0	0.2	0.4	0.2	0.0	0.0	0.4
GAIIGL	1.0	0.0	0.0	0.0	0.0	1.0	0.0	0.0	0.0	0.0
GAILSS	0.8	0.0	0.0	0.0	0.2	0.6	0.0	0.0	0.0	0.4
GAITIG	0.8	0.0	0.0	0.0	0.2	0.8	0.0	0.0	0.0	0.2
GATVYV	0.6	0.2	0.0	0.0	0.2	0.6	0.2	0.0	0.0	0.2
GDCFIL	0.4	0.2	0.0	0.2	0.2	0.4	0.2	0.0	0.2	0.2
GDHCII	0.4	0.0	0.2	0.2	0.2	0.4	0.0	0.2	0.2	0.2
GDVIEV	0.6	0.0	0.0	0.4	0.0	0.6	0.0	0.0	0.4	0.0
GEATVS	0.6	0.0	0.0	0.2	0.2	0.4	0.0	0.0	0.2	0.4
GELAVA	0.8	0.0	0.0	0.2	0.0	0.8	0.0	0.0	0.2	0.0
GERGFF	0.4	0.2	0.2	0.2	0.0	0.2	0.4	0.2	0.2	0.0
GEWTYD	0.2	0.4	0.0	0.2	0.2	0.0	0.4	0.0	0.4	0.2
GFFNLQ	0.4	0.4	0.0	0.0	0.2	0.2	0.4	0.0	0.0	0.4
GFFQQQ	0.2	0.4	0.0	0.0	0.4	0.0	0.4	0.0	0.0	0.6
GFFYTP	0.2	0.6	0.0	0.0	0.2	0.0	0.6	0.0	0.0	0.4
GFGNNA	0.4	0.2	0.0	0.0	0.4	0.4	0.2	0.0	0.0	0.4
GFGNQS	0.4	0.2	0.0	0.0	0.4	0.2	0.2	0.0	0.0	0.6
GFGNSA	0.4	0.2	0.0	0.0	0.4	0.4	0.2	0.0	0.0	0.4
GFGNSR	0.4	0.2	0.0	0.0	0.4	0.2	0.2	0.2	0.0	0.4
GFNKFG	0.2	0.4	0.2	0.0	0.2	0.2	0.4	0.2	0.0	0.2
GFNNSA	0.2	0.2	0.0	0.0	0.6	0.2	0.2	0.0	0.0	0.6
GFNNTP	0.2	0.2	0.0	0.0	0.6	0.0	0.2	0.0	0.0	0.8
GFPGSF	0.4	0.2	0.0	0.0	0.4	0.2	0.4	0.0	0.0	0.4
GFQPQS	0.2	0.2	0.0	0.0	0.6	0.0	0.2	0.0	0.0	0.8
GFSGSF	0.4	0.2	0.0	0.0	0.4	0.2	0.4	0.0	0.0	0.4
GFSNNN	0.2	0.2	0.0	0.0	0.6	0.0	0.2	0.0	0.0	0.8
GGFGNQ	0.6	0.2	0.0	0.0	0.2	0.4	0.2	0.0	0.0	0.4
GGFNKF	0.4	0.2	0.2	0.0	0.2	0.2	0.4	0.2	0.0	0.2
GGGGNH	0.8	0.0	0.0	0.0	0.2	0.6	0.0	0.2	0.0	0.2
GGGGNN	0.8	0.0	0.0	0.0	0.2	0.6	0.0	0.0	0.0	0.4
GGGMNF	0.8	0.0	0.0	0.0	0.2	0.6	0.2	0.0	0.0	0.2
GGGNGA	0.8	0.0	0.0	0.0	0.2	0.8	0.0	0.0	0.0	0.2
GGGNHG	0.6	0.0	0.2	0.0	0.2	0.6	0.0	0.2	0.0	0.2
GGGNNS	0.6	0.0	0.0	0.0	0.4	0.4	0.0	0.0	0.0	0.6
GGGNSA	0.6	0.0	0.0	0.0	0.4	0.6	0.0	0.0	0.0	0.4
GGMNFG	0.6	0.2	0.0	0.0	0.2	0.6	0.2	0.0	0.0	0.2
GGNGAA	0.8	0.0	0.0	0.0	0.2	0.8	0.0	0.0	0.0	0.2
GGNGAD	0.8	0.0	0.0	0.0	0.2	0.6	0.0	0.0	0.2	0.2
GGNHGG	0.6	0.0	0.2	0.0	0.2	0.6	0.0	0.2	0.0	0.2
GGNNSG	0.4	0.0	0.0	0.0	0.6	0.4	0.0	0.0	0.0	0.6
GGNSAL	0.6	0.0	0.0	0.0	0.4	0.6	0.0	0.0	0.0	0.4
GGQQQS	0.4	0.0	0.0	0.0	0.6	0.2	0.0	0.0	0.0	0.8
GGRGNY	0.6	0.0	0.2	0.0	0.2	0.4	0.2	0.2	0.0	0.2
GGVLVN	1.0	0.0	0.0	0.0	0.0	0.8	0.0	0.0	0.0	0.2
GGVVIA	1.0	0.0	0.0	0.0	0.0	1.0	0.0	0.0	0.0	0.0
GGYLLG	0.8	0.2	0.0	0.0	0.0	0.8	0.2	0.0	0.0	0.0
GGYMLG	0.8	0.2	0.0	0.0	0.0	0.8	0.2	0.0	0.0	0.0
GGYQQQ	0.4	0.2	0.0	0.0	0.4	0.2	0.2	0.0	0.0	0.6
GGYQQY	0.4	0.2	0.0	0.0	0.4	0.2	0.4	0.0	0.0	0.4
GGYVLG	0.8	0.2	0.0	0.0	0.0	0.8	0.2	0.0	0.0	0.0
GGYYQN	0.4	0.4	0.0	0.0	0.2	0.2	0.4	0.0	0.0	0.4
GIFNIK	0.6	0.2	0.0	0.0	0.2	0.4	0.2	0.2	0.0	0.2
GIIKTN	0.6	0.0	0.2	0.0	0.2	0.4	0.0	0.2	0.0	0.4
GIKLAN	0.8	0.0	0.2	0.0	0.0	0.6	0.0	0.2	0.0	0.2
GIVIVA	1.0	0.0	0.0	0.0	0.0	1.0	0.0	0.0	0.0	0.0
GKQAYQ	0.4	0.2	0.2	0.0	0.2	0.2	0.2	0.2	0.0	0.4
GKQGYQ	0.4	0.2	0.2	0.0	0.2	0.2	0.2	0.2	0.0	0.4
GLCYFN	0.4	0.4	0.0	0.0	0.2	0.2	0.4	0.0	0.0	0.4
GLFINM	0.6	0.2	0.0	0.0	0.2	0.6	0.2	0.0	0.0	0.2
GLLLWQ	0.8	0.2	0.0	0.0	0.0	0.6	0.2	0.0	0.0	0.2
GLSIFV	0.6	0.2	0.0	0.0	0.2	0.6	0.2	0.0	0.0	0.2
GMFNIQ	0.6	0.2	0.0	0.0	0.2	0.4	0.2	0.0	0.0	0.4
GMLASQ	0.8	0.0	0.0	0.0	0.2	0.6	0.0	0.0	0.0	0.4
GMLASR	0.8	0.0	0.0	0.0	0.2	0.6	0.0	0.2	0.0	0.2
GMMGML	1.0	0.0	0.0	0.0	0.0	1.0	0.0	0.0	0.0	0.0
GMNFGA	0.6	0.2	0.0	0.0	0.2	0.6	0.2	0.0	0.0	0.2
GMNFGT	0.6	0.2	0.0	0.0	0.2	0.4	0.2	0.0	0.0	0.4
GMSLND	0.6	0.0	0.0	0.0	0.4	0.4	0.0	0.0	0.2	0.4
GNCFIL	0.4	0.2	0.0	0.0	0.4	0.4	0.2	0.0	0.0	0.4
GNFNNL	0.2	0.2	0.0	0.0	0.6	0.2	0.2	0.0	0.0	0.6
GNGAAV	0.8	0.0	0.0	0.0	0.2	0.8	0.0	0.0	0.0	0.2
GNGADV	0.6	0.0	0.0	0.2	0.2	0.6	0.0	0.0	0.2	0.2
GNHGGG	0.6	0.0	0.2	0.0	0.2	0.6	0.0	0.2	0.0	0.2
GNNATA	0.4	0.0	0.0	0.0	0.6	0.4	0.0	0.0	0.0	0.6
GNNQQN	0.2	0.0	0.0	0.0	0.8	0.0	0.0	0.0	0.0	1.0
GNNRYQ	0.2	0.2	0.2	0.0	0.4	0.0	0.2	0.2	0.0	0.6
GNNSGP	0.4	0.0	0.0	0.0	0.6	0.2	0.0	0.0	0.0	0.8
GNNSYS	0.2	0.2	0.0	0.0	0.6	0.0	0.2	0.0	0.0	0.8
GNQQQG	0.2	0.0	0.0	0.0	0.8	0.2	0.0	0.0	0.0	0.8
GNQSGF	0.4	0.0	0.0	0.0	0.6	0.2	0.2	0.0	0.0	0.6
GNSALA	0.6	0.0	0.0	0.0	0.4	0.6	0.0	0.0	0.0	0.4
GNSATL	0.4	0.0	0.0	0.0	0.6	0.4	0.0	0.0	0.0	0.6
GNTCVN	0.4	0.0	0.0	0.0	0.6	0.2	0.0	0.0	0.0	0.8
GNVAVA	0.8	0.0	0.0	0.0	0.2	0.8	0.0	0.0	0.0	0.2
GNVCIN	0.6	0.0	0.0	0.0	0.4	0.4	0.0	0.0	0.0	0.6
GNYKNF	0.2	0.2	0.2	0.0	0.4	0.0	0.4	0.2	0.0	0.4
GQGSDD	0.4	0.0	0.0	0.2	0.4	0.2	0.0	0.0	0.4	0.4
GQIVYK	0.6	0.2	0.0	0.0	0.2	0.4	0.2	0.2	0.0	0.2
GQNNTQ	0.2	0.0	0.0	0.0	0.8	0.0	0.0	0.0	0.0	1.0
GQQNQY	0.2	0.0	0.0	0.0	0.8	0.0	0.2	0.0	0.0	0.8
GQQQSY	0.2	0.0	0.0	0.0	0.8	0.0	0.2	0.0	0.0	0.8
GQQSYS	0.2	0.2	0.0	0.0	0.6	0.0	0.2	0.0	0.0	0.8
GQSSYS	0.2	0.2	0.0	0.0	0.6	0.0	0.2	0.0	0.0	0.8
GRGNYK	0.4	0.2	0.2	0.0	0.2	0.2	0.2	0.4	0.0	0.2
GRIGIA	0.8	0.0	0.2	0.0	0.0	0.8	0.0	0.2	0.0	0.0
GSASNA	0.4	0.0	0.0	0.0	0.6	0.4	0.0	0.0	0.0	0.6
GSGFNG	0.4	0.2	0.0	0.0	0.4	0.4	0.2	0.0	0.0	0.4
GSGSGF	0.6	0.0	0.0	0.0	0.4	0.4	0.2	0.0	0.0	0.4
GSHLVE	0.6	0.0	0.2	0.0	0.2	0.4	0.0	0.2	0.2	0.2
GSIAAT	0.8	0.0	0.0	0.0	0.2	0.6	0.0	0.0	0.0	0.4
GSNNTF	0.2	0.0	0.0	0.0	0.8	0.0	0.2	0.0	0.0	0.8
GSNSGA	0.4	0.0	0.0	0.0	0.6	0.4	0.0	0.0	0.0	0.6
GTFFIN	0.4	0.4	0.0	0.0	0.2	0.2	0.4	0.0	0.0	0.4
GTFFIT	0.4	0.4	0.0	0.0	0.2	0.2	0.4	0.0	0.0	0.4
GTFFQE	0.2	0.4	0.0	0.0	0.4	0.0	0.4	0.0	0.2	0.4
GTFNII	0.4	0.2	0.0	0.0	0.4	0.4	0.2	0.0	0.0	0.4
GTFSIN	0.4	0.2	0.0	0.0	0.4	0.2	0.2	0.0	0.0	0.6
GTLFWG	0.4	0.4	0.0	0.0	0.2	0.4	0.4	0.0	0.0	0.2
GTLVFM	0.6	0.2	0.0	0.0	0.2	0.6	0.2	0.0	0.0	0.2
GTVIIE	0.8	0.0	0.0	0.0	0.2	0.6	0.0	0.0	0.2	0.2
GTVLFM	0.6	0.2	0.0	0.0	0.2	0.6	0.2	0.0	0.0	0.2
GTVWWG	0.4	0.4	0.0	0.0	0.2	0.4	0.4	0.0	0.0	0.2
GVATVA	0.8	0.0	0.0	0.0	0.2	0.8	0.0	0.0	0.0	0.2
GVFNNQ	0.4	0.2	0.0	0.0	0.4	0.2	0.2	0.0	0.0	0.6
GVIGIA	1.0	0.0	0.0	0.0	0.0	1.0	0.0	0.0	0.0	0.0
GVIWIA	0.8	0.2	0.0	0.0	0.0	0.8	0.2	0.0	0.0	0.0
GVNNNN	0.4	0.0	0.0	0.0	0.6	0.2	0.0	0.0	0.0	0.8
GVNYFL	0.4	0.4	0.0	0.0	0.2	0.4	0.4	0.0	0.0	0.2
GVPGIA	0.8	0.0	0.0	0.0	0.2	0.8	0.0	0.0	0.0	0.2
GVQVGD	0.8	0.0	0.0	0.0	0.2	0.6	0.0	0.0	0.2	0.2
GVTIIT	0.8	0.0	0.0	0.0	0.2	0.6	0.0	0.0	0.0	0.4
GVVPQY	0.6	0.0	0.0	0.0	0.4	0.4	0.2	0.0	0.0	0.4
GVVTSE	0.6	0.0	0.0	0.0	0.4	0.4	0.0	0.0	0.2	0.4
GVVVVT	1.0	0.0	0.0	0.0	0.0	0.8	0.0	0.0	0.0	0.2
GVWWFF	0.4	0.6	0.0	0.0	0.0	0.2	0.8	0.0	0.0	0.0
GWGSAS	0.6	0.2	0.0	0.0	0.2	0.4	0.2	0.0	0.0	0.4
GYCFIL	0.4	0.4	0.0	0.0	0.2	0.4	0.4	0.0	0.0	0.2
GYFILQ	0.6	0.4	0.0	0.0	0.0	0.4	0.4	0.0	0.0	0.2
GYFLNF	0.4	0.4	0.0	0.0	0.2	0.2	0.6	0.0	0.0	0.2
GYFLNM	0.4	0.4	0.0	0.0	0.2	0.4	0.4	0.0	0.0	0.2
GYGQSS	0.4	0.2	0.0	0.0	0.4	0.2	0.2	0.0	0.0	0.6
GYMLGS	0.8	0.2	0.0	0.0	0.0	0.6	0.2	0.0	0.0	0.2
GYQAGF	0.6	0.2	0.0	0.0	0.2	0.4	0.4	0.0	0.0	0.2
GYQAYN	0.4	0.4	0.0	0.0	0.2	0.2	0.4	0.0	0.0	0.4
GYQQGG	0.4	0.2	0.0	0.0	0.4	0.4	0.2	0.0	0.0	0.4
GYQQQF	0.2	0.2	0.0	0.0	0.6	0.0	0.4	0.0	0.0	0.6
GYQQQY	0.2	0.2	0.0	0.0	0.6	0.0	0.4	0.0	0.0	0.6
GYQQYN	0.2	0.4	0.0	0.0	0.4	0.0	0.4	0.0	0.0	0.6
GYSGYQ	0.4	0.4	0.0	0.0	0.2	0.2	0.4	0.0	0.0	0.4
GYVIIK	0.8	0.2	0.0	0.0	0.0	0.6	0.2	0.2	0.0	0.0
GYVLGS	0.8	0.2	0.0	0.0	0.0	0.6	0.2	0.0	0.0	0.2
GYYQNY	0.2	0.4	0.0	0.0	0.4	0.0	0.6	0.0	0.0	0.4
HAFLII	0.6	0.2	0.2	0.0	0.0	0.8	0.2	0.0	0.0	0.0
HATVYV	0.4	0.2	0.2	0.0	0.2	0.6	0.2	0.0	0.0	0.2
HFVWIA	0.4	0.4	0.2	0.0	0.0	0.6	0.4	0.0	0.0	0.0
HGFNQQ	0.2	0.2	0.2	0.0	0.4	0.2	0.2	0.0	0.0	0.6
HGGGGN	0.8	0.0	0.2	0.0	0.0	0.8	0.0	0.0	0.0	0.2
HGGGNG	0.6	0.0	0.2	0.0	0.2	0.8	0.0	0.0	0.0	0.2
HGWLIM	0.6	0.2	0.2	0.0	0.0	0.8	0.2	0.0	0.0	0.0
HICNFF	0.2	0.2	0.2	0.0	0.4	0.2	0.4	0.0	0.0	0.4
HIFIIM	0.6	0.2	0.2	0.0	0.0	0.8	0.2	0.0	0.0	0.0
HIFLLC	0.6	0.2	0.2	0.0	0.0	0.6	0.2	0.0	0.0	0.2
HKALFW	0.4	0.2	0.4	0.0	0.0	0.4	0.4	0.2	0.0	0.0
HLFNLT	0.4	0.2	0.2	0.0	0.2	0.4	0.2	0.0	0.0	0.4
HLVEAL	0.6	0.0	0.2	0.2	0.0	0.8	0.0	0.0	0.2	0.0
HLVYIM	0.6	0.2	0.2	0.0	0.0	0.8	0.2	0.0	0.0	0.0
HNNNNN	0.0	0.0	0.2	0.0	0.8	0.0	0.0	0.0	0.0	1.0
HNNNSQ	0.0	0.0	0.2	0.0	0.8	0.0	0.0	0.0	0.0	1.0
HNSVNF	0.2	0.0	0.2	0.0	0.6	0.2	0.2	0.0	0.0	0.6
HNTNNA	0.0	0.0	0.2	0.0	0.8	0.2	0.0	0.0	0.0	0.8
HPAENG	0.2	0.0	0.2	0.2	0.4	0.4	0.0	0.0	0.2	0.4
HQFNLN	0.2	0.2	0.2	0.0	0.4	0.2	0.2	0.0	0.0	0.6
HQIVYK	0.4	0.2	0.2	0.0	0.2	0.4	0.2	0.2	0.0	0.2
HQLIIM	0.6	0.0	0.2	0.0	0.2	0.8	0.0	0.0	0.0	0.2
HSSNNF	0.0	0.0	0.2	0.0	0.8	0.0	0.2	0.0	0.0	0.8
HTAVTT	0.4	0.0	0.2	0.0	0.4	0.4	0.0	0.0	0.0	0.6
HTFNLL	0.2	0.2	0.2	0.0	0.4	0.4	0.2	0.0	0.0	0.4
HTVIIE	0.6	0.0	0.2	0.0	0.2	0.6	0.0	0.0	0.2	0.2
HWQNFA	0.0	0.4	0.2	0.0	0.4	0.2	0.4	0.0	0.0	0.4
HWRNFA	0.0	0.4	0.4	0.0	0.2	0.2	0.4	0.2	0.0	0.2
HYFNIF	0.2	0.4	0.2	0.0	0.2	0.2	0.6	0.0	0.0	0.2
IATVYV	0.6	0.2	0.0	0.0	0.2	0.6	0.2	0.0	0.0	0.2
ICSLYQ	0.4	0.2	0.0	0.0	0.4	0.2	0.2	0.0	0.0	0.6
IDLTQR	0.4	0.0	0.0	0.2	0.4	0.2	0.0	0.2	0.2	0.4
IEDSVI	0.4	0.0	0.0	0.4	0.2	0.4	0.0	0.0	0.4	0.2
IEKVEH	0.4	0.0	0.2	0.4	0.0	0.2	0.0	0.4	0.4	0.0
IEMIFV	0.6	0.2	0.0	0.2	0.0	0.6	0.2	0.0	0.2	0.0
IFDFIQ	0.4	0.4	0.0	0.2	0.0	0.2	0.4	0.0	0.2	0.2
IFNYNN	0.2	0.4	0.0	0.0	0.4	0.0	0.4	0.0	0.0	0.6
IFQINS	0.4	0.2	0.0	0.0	0.4	0.2	0.2	0.0	0.0	0.6
IGIIKT	0.8	0.0	0.2	0.0	0.0	0.6	0.0	0.2	0.0	0.2
IGNNSI	0.4	0.0	0.0	0.0	0.6	0.4	0.0	0.0	0.0	0.6
IGRTLV	0.6	0.0	0.2	0.0	0.2	0.6	0.0	0.2	0.0	0.2
IGRTLW	0.6	0.0	0.2	0.0	0.2	0.4	0.2	0.2	0.0	0.2
IGWGSA	0.6	0.2	0.0	0.0	0.2	0.6	0.2	0.0	0.0	0.2
IHKAQN	0.4	0.0	0.4	0.0	0.2	0.2	0.0	0.4	0.0	0.4
IIHFGS	0.6	0.2	0.2	0.0	0.0	0.4	0.2	0.2	0.0	0.2
IINFEQ	0.4	0.2	0.0	0.2	0.2	0.2	0.2	0.0	0.2	0.4
IINFIT	0.6	0.2	0.0	0.0	0.2	0.4	0.2	0.0	0.0	0.4
IIPFEQ	0.4	0.2	0.0	0.2	0.2	0.2	0.2	0.0	0.2	0.4
IITVTN	0.6	0.0	0.0	0.0	0.4	0.4	0.0	0.0	0.0	0.6
IKLANA	0.6	0.0	0.2	0.0	0.2	0.6	0.0	0.2	0.0	0.2
ILENIS	0.6	0.0	0.0	0.2	0.2	0.4	0.0	0.0	0.2	0.4
ILGSNN	0.6	0.0	0.0	0.0	0.4	0.4	0.0	0.0	0.0	0.6
ILQINS	0.6	0.0	0.0	0.0	0.4	0.4	0.0	0.0	0.0	0.6
ILVAGD	1.0	0.0	0.0	0.0	0.0	0.8	0.0	0.0	0.2	0.0
ILVAGS	1.0	0.0	0.0	0.0	0.0	0.8	0.0	0.0	0.0	0.2
INLYTD	0.4	0.2	0.0	0.0	0.4	0.2	0.2	0.0	0.2	0.4
INNMTN	0.4	0.0	0.0	0.0	0.6	0.2	0.0	0.0	0.0	0.8
INNVSN	0.4	0.0	0.0	0.0	0.6	0.2	0.0	0.0	0.0	0.8
INPAMM	0.6	0.0	0.0	0.0	0.4	0.6	0.0	0.0	0.0	0.4
IQIMIW	0.8	0.0	0.0	0.0	0.2	0.6	0.2	0.0	0.0	0.2
IQIVYK	0.6	0.2	0.0	0.0	0.2	0.4	0.2	0.2	0.0	0.2
IQNNSN	0.2	0.0	0.0	0.0	0.8	0.0	0.0	0.0	0.0	1.0
IQRTPK	0.2	0.0	0.2	0.0	0.6	0.0	0.0	0.4	0.0	0.6
IQVYSR	0.4	0.2	0.0	0.0	0.4	0.2	0.2	0.2	0.0	0.4
ISFLIF	0.6	0.2	0.0	0.0	0.2	0.4	0.4	0.0	0.0	0.2
ISLSGD	0.6	0.0	0.0	0.0	0.4	0.4	0.0	0.0	0.2	0.4
ISMTTS	0.4	0.0	0.0	0.0	0.6	0.2	0.0	0.0	0.0	0.8
ITLFWG	0.4	0.4	0.0	0.0	0.2	0.4	0.4	0.0	0.0	0.2
ITQHGG	0.4	0.0	0.2	0.0	0.4	0.4	0.0	0.2	0.0	0.4
ITVIIE	0.8	0.0	0.0	0.0	0.2	0.6	0.0	0.0	0.2	0.2
ITVTND	0.4	0.0	0.0	0.0	0.6	0.2	0.0	0.0	0.2	0.6
IVATTR	0.6	0.0	0.0	0.0	0.4	0.4	0.0	0.2	0.0	0.4
IVIRTP	0.6	0.0	0.2	0.0	0.2	0.4	0.0	0.2	0.0	0.4
IVIVAT	1.0	0.0	0.0	0.0	0.0	0.8	0.0	0.0	0.0	0.2
IVYSCE	0.4	0.2	0.0	0.0	0.4	0.2	0.2	0.0	0.2	0.4
IVYSWE	0.4	0.4	0.0	0.0	0.2	0.2	0.4	0.0	0.2	0.2
IYFNVQ	0.4	0.4	0.0	0.0	0.2	0.2	0.4	0.0	0.0	0.4
IYQYGG	0.4	0.4	0.0	0.0	0.2	0.4	0.4	0.0	0.0	0.2
KAAIDW	0.6	0.0	0.2	0.2	0.0	0.6	0.2	0.0	0.2	0.0
KAFIIQ	0.6	0.2	0.2	0.0	0.0	0.6	0.2	0.0	0.0	0.2
KAILFL	0.6	0.2	0.2	0.0	0.0	0.8	0.2	0.0	0.0	0.0
KAKEGV	0.4	0.0	0.4	0.2	0.0	0.6	0.0	0.2	0.2	0.0
KATVYV	0.4	0.2	0.2	0.0	0.2	0.6	0.2	0.0	0.0	0.2
KCLNYL	0.2	0.2	0.2	0.0	0.4	0.4	0.2	0.0	0.0	0.4
KCWCFT	0.0	0.4	0.2	0.0	0.4	0.0	0.4	0.0	0.0	0.6
KDWSFY	0.0	0.4	0.2	0.2	0.2	0.0	0.6	0.0	0.2	0.2
KECLIN	0.4	0.0	0.2	0.2	0.2	0.4	0.0	0.0	0.2	0.4
KEEEKS	0.0	0.0	0.4	0.6	0.0	0.0	0.0	0.2	0.6	0.2
KEEKPV	0.0	0.0	0.4	0.4	0.2	0.2	0.0	0.2	0.4	0.2
KEEKSE	0.0	0.0	0.4	0.4	0.2	0.0	0.0	0.2	0.6	0.2
KENIIF	0.4	0.0	0.2	0.2	0.2	0.4	0.2	0.0	0.2	0.2
KEPTRE	0.0	0.0	0.4	0.2	0.4	0.0	0.0	0.2	0.4	0.4
KGENFT	0.2	0.2	0.2	0.2	0.2	0.2	0.2	0.0	0.2	0.4
KHIIVA	0.6	0.0	0.4	0.0	0.0	0.8	0.0	0.2	0.0	0.0
KIVKWD	0.4	0.2	0.4	0.0	0.0	0.4	0.2	0.2	0.2	0.0
KKEEEK	0.0	0.0	0.4	0.6	0.0	0.0	0.0	0.4	0.6	0.0
KKEEKP	0.0	0.0	0.6	0.4	0.0	0.0	0.0	0.4	0.4	0.2
KKEEKS	0.0	0.0	0.6	0.4	0.0	0.0	0.0	0.4	0.4	0.2
KKTLKL	0.2	0.0	0.6	0.0	0.2	0.4	0.0	0.4	0.0	0.2
KKVDTK	0.2	0.0	0.4	0.2	0.2	0.2	0.0	0.4	0.2	0.2
KLANAT	0.6	0.0	0.2	0.0	0.2	0.6	0.0	0.0	0.0	0.4
KLFIIQ	0.6	0.2	0.2	0.0	0.0	0.6	0.2	0.0	0.0	0.2
KLFIQF	0.4	0.2	0.2	0.0	0.2	0.4	0.4	0.0	0.0	0.2
KLLEIA	0.6	0.0	0.2	0.2	0.0	0.8	0.0	0.0	0.2	0.0
KLLIYE	0.6	0.2	0.2	0.0	0.0	0.6	0.2	0.0	0.2	0.0
KLVFFA	0.4	0.4	0.2	0.0	0.0	0.6	0.4	0.0	0.0	0.0
KLVSSS	0.4	0.0	0.2	0.0	0.4	0.4	0.0	0.0	0.0	0.6
KMFFIQ	0.4	0.4	0.2	0.0	0.0	0.4	0.4	0.0	0.0	0.2
KNEEGA	0.2	0.0	0.2	0.4	0.2	0.4	0.0	0.0	0.4	0.2
KNFNYN	0.0	0.4	0.2	0.0	0.4	0.0	0.4	0.0	0.0	0.6
KPAESD	0.2	0.0	0.2	0.2	0.4	0.2	0.0	0.0	0.4	0.4
KPKKTL	0.0	0.0	0.6	0.0	0.4	0.2	0.0	0.4	0.0	0.4
KPVQTE	0.2	0.0	0.2	0.0	0.6	0.2	0.0	0.0	0.2	0.6
KQAAPK	0.4	0.0	0.2	0.0	0.4	0.4	0.0	0.2	0.0	0.4
KQFGGG	0.4	0.2	0.2	0.0	0.2	0.6	0.2	0.0	0.0	0.2
KQIGII	0.6	0.0	0.2	0.0	0.2	0.8	0.0	0.0	0.0	0.2
KQIVYK	0.4	0.2	0.2	0.0	0.2	0.4	0.2	0.2	0.0	0.2
KQQKQA	0.0	0.0	0.4	0.0	0.6	0.2	0.0	0.2	0.0	0.6
KSAETK	0.2	0.0	0.2	0.2	0.4	0.2	0.0	0.2	0.2	0.4
KSELPK	0.2	0.0	0.2	0.2	0.4	0.2	0.0	0.2	0.2	0.4
KSNFLN	0.2	0.2	0.2	0.0	0.4	0.2	0.2	0.0	0.0	0.6
KTKEGV	0.2	0.0	0.4	0.2	0.2	0.4	0.0	0.2	0.2	0.2
KTKEQV	0.0	0.0	0.4	0.2	0.4	0.2	0.0	0.2	0.2	0.4
KTKQGV	0.2	0.0	0.4	0.0	0.4	0.4	0.0	0.2	0.0	0.4
KTLKLV	0.4	0.0	0.4	0.0	0.2	0.6	0.0	0.2	0.0	0.2
KTVEGA	0.4	0.0	0.2	0.2	0.2	0.6	0.0	0.0	0.2	0.2
KTVIIE	0.6	0.0	0.2	0.0	0.2	0.6	0.0	0.0	0.2	0.2
KTVIIT	0.6	0.0	0.2	0.0	0.2	0.6	0.0	0.0	0.0	0.4
KTVIVE	0.6	0.0	0.2	0.0	0.2	0.6	0.0	0.0	0.2	0.2
KTVIYE	0.4	0.2	0.2	0.0	0.2	0.4	0.2	0.0	0.2	0.2
KTVLIE	0.6	0.0	0.2	0.0	0.2	0.6	0.0	0.0	0.2	0.2
KVDTKP	0.2	0.0	0.4	0.2	0.2	0.2	0.0	0.2	0.2	0.4
KVEDLK	0.4	0.0	0.2	0.4	0.0	0.4	0.0	0.2	0.4	0.0
KVEEPV	0.2	0.0	0.2	0.4	0.2	0.4	0.0	0.0	0.4	0.2
KVEHSD	0.2	0.0	0.4	0.2	0.2	0.2	0.0	0.2	0.4	0.2
KVQIIN	0.6	0.0	0.2	0.0	0.2	0.6	0.0	0.0	0.0	0.4
KWDRDM	0.0	0.2	0.4	0.4	0.0	0.2	0.2	0.2	0.4	0.0
KYLNWD	0.2	0.4	0.2	0.0	0.2	0.2	0.4	0.0	0.2	0.2
KYNNTG	0.0	0.2	0.2	0.0	0.6	0.2	0.2	0.0	0.0	0.6
LAAVYV	0.8	0.2	0.0	0.0	0.0	0.8	0.2	0.0	0.0	0.0
LACVYV	0.6	0.2	0.0	0.0	0.2	0.6	0.2	0.0	0.0	0.2
LADVYV	0.6	0.2	0.0	0.2	0.0	0.6	0.2	0.0	0.2	0.0
LAEAIG	0.8	0.0	0.0	0.2	0.0	0.8	0.0	0.0	0.2	0.0
LAEVYV	0.6	0.2	0.0	0.2	0.0	0.6	0.2	0.0	0.2	0.0
LAFVYV	0.6	0.4	0.0	0.0	0.0	0.6	0.4	0.0	0.0	0.0
LAGVYV	0.8	0.2	0.0	0.0	0.0	0.8	0.2	0.0	0.0	0.0
LAHVYV	0.6	0.2	0.2	0.0	0.0	0.6	0.2	0.2	0.0	0.0
LAIVYV	0.8	0.2	0.0	0.0	0.0	0.8	0.2	0.0	0.0	0.0
LAKVYV	0.6	0.2	0.2	0.0	0.0	0.6	0.2	0.2	0.0	0.0
LALQTD	0.6	0.0	0.0	0.0	0.4	0.4	0.0	0.0	0.2	0.4
LALVYV	0.8	0.2	0.0	0.0	0.0	0.8	0.2	0.0	0.0	0.0
LAMVYV	0.8	0.2	0.0	0.0	0.0	0.8	0.2	0.0	0.0	0.0
LANATK	0.6	0.0	0.0	0.0	0.4	0.4	0.0	0.2	0.0	0.4
LANFLV	0.6	0.2	0.0	0.0	0.2	0.6	0.2	0.0	0.0	0.2
LANVYV	0.6	0.2	0.0	0.0	0.2	0.6	0.2	0.0	0.0	0.2
LAPVYV	0.6	0.2	0.0	0.0	0.2	0.6	0.2	0.0	0.0	0.2
LAQVYV	0.6	0.2	0.0	0.0	0.2	0.6	0.2	0.0	0.0	0.2
LARVYV	0.6	0.2	0.2	0.0	0.0	0.6	0.2	0.2	0.0	0.0
LASQQN	0.4	0.0	0.0	0.0	0.6	0.2	0.0	0.0	0.0	0.8
LASRQN	0.4	0.0	0.2	0.0	0.4	0.2	0.0	0.2	0.0	0.6
LASVYV	0.6	0.2	0.0	0.0	0.2	0.6	0.2	0.0	0.0	0.2
LATAYV	0.6	0.2	0.0	0.0	0.2	0.6	0.2	0.0	0.0	0.2
LATCYV	0.4	0.2	0.0	0.0	0.4	0.4	0.2	0.0	0.0	0.4
LATDYV	0.4	0.2	0.0	0.2	0.2	0.4	0.2	0.0	0.2	0.2
LATEYV	0.4	0.2	0.0	0.2	0.2	0.4	0.2	0.0	0.2	0.2
LATFYV	0.4	0.4	0.0	0.0	0.2	0.4	0.4	0.0	0.0	0.2
LATGYV	0.6	0.2	0.0	0.0	0.2	0.6	0.2	0.0	0.0	0.2
LATHYV	0.4	0.2	0.2	0.0	0.2	0.4	0.2	0.2	0.0	0.2
LATIYV	0.6	0.2	0.0	0.0	0.2	0.6	0.2	0.0	0.0	0.2
LATKYV	0.4	0.2	0.2	0.0	0.2	0.4	0.2	0.2	0.0	0.2
LATLYV	0.6	0.2	0.0	0.0	0.2	0.6	0.2	0.0	0.0	0.2
LATMYV	0.6	0.2	0.0	0.0	0.2	0.6	0.2	0.0	0.0	0.2
LATNYV	0.4	0.2	0.0	0.0	0.4	0.4	0.2	0.0	0.0	0.4
LATPYV	0.4	0.2	0.0	0.0	0.4	0.4	0.2	0.0	0.0	0.4
LATQYV	0.4	0.2	0.0	0.0	0.4	0.4	0.2	0.0	0.0	0.4
LATRYV	0.4	0.2	0.2	0.0	0.2	0.4	0.2	0.2	0.0	0.2
LATSYV	0.4	0.2	0.0	0.0	0.4	0.4	0.2	0.0	0.0	0.4
LATTYV	0.4	0.2	0.0	0.0	0.4	0.4	0.2	0.0	0.0	0.4
LATVAV	0.8	0.0	0.0	0.0	0.2	0.8	0.0	0.0	0.0	0.2
LATVCV	0.6	0.0	0.0	0.0	0.4	0.6	0.0	0.0	0.0	0.4
LATVDV	0.6	0.0	0.0	0.2	0.2	0.6	0.0	0.0	0.2	0.2
LATVEV	0.6	0.0	0.0	0.2	0.2	0.6	0.0	0.0	0.2	0.2
LATVFV	0.6	0.2	0.0	0.0	0.2	0.6	0.2	0.0	0.0	0.2
LATVGV	0.8	0.0	0.0	0.0	0.2	0.8	0.0	0.0	0.0	0.2
LATVHV	0.6	0.0	0.2	0.0	0.2	0.6	0.0	0.2	0.0	0.2
LATVIV	0.8	0.0	0.0	0.0	0.2	0.8	0.0	0.0	0.0	0.2
LATVKV	0.6	0.0	0.2	0.0	0.2	0.6	0.0	0.2	0.0	0.2
LATVLV	0.8	0.0	0.0	0.0	0.2	0.8	0.0	0.0	0.0	0.2
LATVMV	0.8	0.0	0.0	0.0	0.2	0.8	0.0	0.0	0.0	0.2
LATVNV	0.6	0.0	0.0	0.0	0.4	0.6	0.0	0.0	0.0	0.4
LATVPV	0.6	0.0	0.0	0.0	0.4	0.6	0.0	0.0	0.0	0.4
LATVQV	0.6	0.0	0.0	0.0	0.4	0.6	0.0	0.0	0.0	0.4
LATVRV	0.6	0.0	0.2	0.0	0.2	0.6	0.0	0.2	0.0	0.2
LATVSV	0.6	0.0	0.0	0.0	0.4	0.6	0.0	0.0	0.0	0.4
LATVTV	0.6	0.0	0.0	0.0	0.4	0.6	0.0	0.0	0.0	0.4
LATVVV	0.8	0.0	0.0	0.0	0.2	0.8	0.0	0.0	0.0	0.2
LATVWV	0.6	0.2	0.0	0.0	0.2	0.6	0.2	0.0	0.0	0.2
LATVYA	0.6	0.2	0.0	0.0	0.2	0.6	0.2	0.0	0.0	0.2
LATVYC	0.6	0.2	0.0	0.0	0.2	0.4	0.2	0.0	0.0	0.4
LATVYD	0.6	0.2	0.0	0.0	0.2	0.4	0.2	0.0	0.2	0.2
LATVYE	0.6	0.2	0.0	0.0	0.2	0.4	0.2	0.0	0.2	0.2
LATVYF	0.6	0.2	0.0	0.0	0.2	0.4	0.4	0.0	0.0	0.2
LATVYG	0.6	0.2	0.0	0.0	0.2	0.6	0.2	0.0	0.0	0.2
LATVYH	0.6	0.2	0.0	0.0	0.2	0.4	0.2	0.2	0.0	0.2
LATVYI	0.6	0.2	0.0	0.0	0.2	0.6	0.2	0.0	0.0	0.2
LATVYK	0.6	0.2	0.0	0.0	0.2	0.4	0.2	0.2	0.0	0.2
LATVYL	0.6	0.2	0.0	0.0	0.2	0.6	0.2	0.0	0.0	0.2
LATVYM	0.6	0.2	0.0	0.0	0.2	0.6	0.2	0.0	0.0	0.2
LATVYN	0.6	0.2	0.0	0.0	0.2	0.4	0.2	0.0	0.0	0.4
LATVYP	0.6	0.2	0.0	0.0	0.2	0.4	0.2	0.0	0.0	0.4
LATVYQ	0.6	0.2	0.0	0.0	0.2	0.4	0.2	0.0	0.0	0.4
LATVYR	0.6	0.2	0.0	0.0	0.2	0.4	0.2	0.2	0.0	0.2
LATVYS	0.6	0.2	0.0	0.0	0.2	0.4	0.2	0.0	0.0	0.4
LATVYT	0.6	0.2	0.0	0.0	0.2	0.4	0.2	0.0	0.0	0.4
LATVYV	0.6	0.2	0.0	0.0	0.2	0.6	0.2	0.0	0.0	0.2
LATVYW	0.6	0.2	0.0	0.0	0.2	0.4	0.4	0.0	0.0	0.2
LATVYY	0.6	0.2	0.0	0.0	0.2	0.4	0.4	0.0	0.0	0.2
LATWYV	0.4	0.4	0.0	0.0	0.2	0.4	0.4	0.0	0.0	0.2
LATYYV	0.4	0.4	0.0	0.0	0.2	0.4	0.4	0.0	0.0	0.2
LAVAGD	1.0	0.0	0.0	0.0	0.0	0.8	0.0	0.0	0.2	0.0
LAVLFL	0.8	0.2	0.0	0.0	0.0	0.8	0.2	0.0	0.0	0.0
LAVVYV	0.8	0.2	0.0	0.0	0.0	0.8	0.2	0.0	0.0	0.0
LAWVYV	0.6	0.4	0.0	0.0	0.0	0.6	0.4	0.0	0.0	0.0
LAYVYV	0.6	0.4	0.0	0.0	0.0	0.6	0.4	0.0	0.0	0.0
LCTVYV	0.4	0.2	0.0	0.0	0.4	0.4	0.2	0.0	0.0	0.4
LDGFSR	0.4	0.2	0.0	0.2	0.2	0.2	0.2	0.2	0.2	0.2
LDGSSR	0.4	0.0	0.0	0.2	0.4	0.2	0.0	0.2	0.2	0.4
LDQWNG	0.2	0.2	0.0	0.2	0.4	0.2	0.2	0.0	0.2	0.4
LDTVYV	0.4	0.2	0.0	0.2	0.2	0.4	0.2	0.0	0.2	0.2
LEFWLQ	0.4	0.4	0.0	0.2	0.0	0.2	0.4	0.0	0.2	0.2
LETVYV	0.4	0.2	0.0	0.2	0.2	0.4	0.2	0.0	0.2	0.2
LFMFND	0.4	0.4	0.0	0.0	0.2	0.2	0.4	0.0	0.2	0.2
LFMSND	0.4	0.2	0.0	0.0	0.4	0.2	0.2	0.0	0.2	0.4
LFNNST	0.2	0.2	0.0	0.0	0.6	0.0	0.2	0.0	0.0	0.8
LFTVYV	0.4	0.4	0.0	0.0	0.2	0.4	0.4	0.0	0.0	0.2
LGNNSN	0.4	0.0	0.0	0.0	0.6	0.2	0.0	0.0	0.0	0.8
LGTVYV	0.6	0.2	0.0	0.0	0.2	0.6	0.2	0.0	0.0	0.2
LHTVYV	0.4	0.2	0.2	0.0	0.2	0.4	0.2	0.2	0.0	0.2
LIAGFN	0.8	0.2	0.0	0.0	0.0	0.6	0.2	0.0	0.0	0.2
LIFLIV	0.8	0.2	0.0	0.0	0.0	0.8	0.2	0.0	0.0	0.0
LINNSV	0.4	0.0	0.0	0.0	0.6	0.4	0.0	0.0	0.0	0.6
LITVYV	0.6	0.2	0.0	0.0	0.2	0.6	0.2	0.0	0.0	0.2
LIVAAD	1.0	0.0	0.0	0.0	0.0	0.8	0.0	0.0	0.2	0.0
LIVAGD	1.0	0.0	0.0	0.0	0.0	0.8	0.0	0.0	0.2	0.0
LIVAGE	1.0	0.0	0.0	0.0	0.0	0.8	0.0	0.0	0.2	0.0
LIVAGK	1.0	0.0	0.0	0.0	0.0	0.8	0.0	0.2	0.0	0.0
LIVAGS	1.0	0.0	0.0	0.0	0.0	0.8	0.0	0.0	0.0	0.2
LIVAGT	1.0	0.0	0.0	0.0	0.0	0.8	0.0	0.0	0.0	0.2
LKLVSS	0.6	0.0	0.2	0.0	0.2	0.4	0.0	0.2	0.0	0.4
LKNGER	0.4	0.0	0.2	0.2	0.2	0.2	0.0	0.4	0.2	0.2
LKTVYV	0.4	0.2	0.2	0.0	0.2	0.4	0.2	0.2	0.0	0.2
LKVKVL	0.6	0.0	0.4	0.0	0.0	0.6	0.0	0.4	0.0	0.0
LLAVVA	1.0	0.0	0.0	0.0	0.0	1.0	0.0	0.0	0.0	0.0
LLFCHI	0.4	0.2	0.2	0.0	0.2	0.4	0.2	0.2	0.0	0.2
LLFYHI	0.4	0.4	0.2	0.0	0.0	0.4	0.4	0.2	0.0	0.0
LLGPTI	0.6	0.0	0.0	0.0	0.4	0.6	0.0	0.0	0.0	0.4
LLNKTN	0.4	0.0	0.2	0.0	0.4	0.2	0.0	0.2	0.0	0.6
LLTVYV	0.6	0.2	0.0	0.0	0.2	0.6	0.2	0.0	0.0	0.2
LLVPTI	0.6	0.0	0.0	0.0	0.4	0.6	0.0	0.0	0.0	0.4
LLYYTE	0.4	0.4	0.0	0.0	0.2	0.2	0.4	0.0	0.2	0.2
LMNTTN	0.4	0.0	0.0	0.0	0.6	0.2	0.0	0.0	0.0	0.8
LMSLFG	0.6	0.2	0.0	0.0	0.2	0.6	0.2	0.0	0.0	0.2
LMTVYV	0.6	0.2	0.0	0.0	0.2	0.6	0.2	0.0	0.0	0.2
LNDFQK	0.2	0.2	0.0	0.2	0.4	0.0	0.2	0.2	0.2	0.4
LNIYQY	0.4	0.2	0.0	0.0	0.4	0.2	0.4	0.0	0.0	0.4
LNNITA	0.4	0.0	0.0	0.0	0.6	0.4	0.0	0.0	0.0	0.6
LNTVYV	0.4	0.2	0.0	0.0	0.4	0.4	0.2	0.0	0.0	0.4
LPKVED	0.4	0.0	0.2	0.2	0.2	0.2	0.0	0.2	0.4	0.2
LPTVYV	0.4	0.2	0.0	0.0	0.4	0.4	0.2	0.0	0.0	0.4
LQGYQA	0.4	0.2	0.0	0.0	0.4	0.4	0.2	0.0	0.0	0.4
LQIVYK	0.6	0.2	0.0	0.0	0.2	0.4	0.2	0.2	0.0	0.2
LQNVSN	0.4	0.0	0.0	0.0	0.6	0.2	0.0	0.0	0.0	0.8
LQSSWG	0.2	0.2	0.0	0.0	0.6	0.2	0.2	0.0	0.0	0.6
LQTDAR	0.4	0.0	0.0	0.2	0.4	0.2	0.0	0.2	0.2	0.4
LQTVYV	0.4	0.2	0.0	0.0	0.4	0.4	0.2	0.0	0.0	0.4
LRTVYV	0.4	0.2	0.2	0.0	0.2	0.4	0.2	0.2	0.0	0.2
LSFSKD	0.2	0.2	0.2	0.0	0.4	0.0	0.2	0.2	0.2	0.4
LSGDHC	0.4	0.0	0.2	0.2	0.2	0.2	0.0	0.2	0.2	0.4
LSQPKI	0.2	0.0	0.2	0.0	0.6	0.2	0.0	0.2	0.0	0.6
LSTVYV	0.4	0.2	0.0	0.0	0.4	0.4	0.2	0.0	0.0	0.4
LTFIQV	0.4	0.2	0.0	0.0	0.4	0.4	0.2	0.0	0.0	0.4
LTITQH	0.4	0.0	0.0	0.0	0.6	0.2	0.0	0.2	0.0	0.6
LTQRGF	0.4	0.0	0.2	0.0	0.4	0.2	0.2	0.2	0.0	0.4
LTTVYV	0.4	0.2	0.0	0.0	0.4	0.4	0.2	0.0	0.0	0.4
LTVIIE	0.8	0.0	0.0	0.0	0.2	0.6	0.0	0.0	0.2	0.2
LVEALY	0.8	0.0	0.0	0.2	0.0	0.6	0.2	0.0	0.2	0.0
LVFYQQ	0.4	0.4	0.0	0.0	0.2	0.2	0.4	0.0	0.0	0.4
LVHSSN	0.4	0.0	0.2	0.0	0.4	0.2	0.0	0.2	0.0	0.6
LVSSSG	0.4	0.0	0.0	0.0	0.6	0.4	0.0	0.0	0.0	0.6
LVTVYV	0.6	0.2	0.0	0.0	0.2	0.6	0.2	0.0	0.0	0.2
LWTVYV	0.4	0.4	0.0	0.0	0.2	0.4	0.4	0.0	0.0	0.2
LYQLEN	0.4	0.2	0.0	0.2	0.2	0.2	0.2	0.0	0.2	0.4
LYTVYV	0.4	0.4	0.0	0.0	0.2	0.4	0.4	0.0	0.0	0.2
LYVLIV	0.8	0.2	0.0	0.0	0.0	0.8	0.2	0.0	0.0	0.0
MAAAQA	0.8	0.0	0.0	0.0	0.2	0.8	0.0	0.0	0.0	0.2
MATVYV	0.6	0.2	0.0	0.0	0.2	0.6	0.2	0.0	0.0	0.2
MCSIFQ	0.4	0.2	0.0	0.0	0.4	0.2	0.2	0.0	0.0	0.6
MERLRI	0.4	0.0	0.4	0.2	0.0	0.4	0.0	0.4	0.2	0.0
MEWLRI	0.4	0.2	0.2	0.2	0.0	0.4	0.2	0.2	0.2	0.0
MGGGMN	1.0	0.0	0.0	0.0	0.0	0.8	0.0	0.0	0.0	0.2
MGMLAS	1.0	0.0	0.0	0.0	0.0	0.8	0.0	0.0	0.0	0.2
MGNNTV	0.4	0.0	0.0	0.0	0.6	0.4	0.0	0.0	0.0	0.6
MHVNIQ	0.6	0.0	0.2	0.0	0.2	0.4	0.0	0.2	0.0	0.4
MIENIQ	0.6	0.0	0.0	0.2	0.2	0.4	0.0	0.0	0.2	0.4
MIHFGN	0.6	0.2	0.2	0.0	0.0	0.4	0.2	0.2	0.0	0.2
MINLYT	0.6	0.2	0.0	0.0	0.2	0.4	0.2	0.0	0.0	0.4
MLASQQ	0.6	0.0	0.0	0.0	0.4	0.4	0.0	0.0	0.0	0.6
MLASRQ	0.6	0.0	0.2	0.0	0.2	0.4	0.0	0.2	0.0	0.4
MLVLFV	0.8	0.2	0.0	0.0	0.0	0.8	0.2	0.0	0.0	0.0
MMAAAQ	1.0	0.0	0.0	0.0	0.0	0.8	0.0	0.0	0.0	0.2
MMGMLA	1.0	0.0	0.0	0.0	0.0	1.0	0.0	0.0	0.0	0.0
MMHFGN	0.6	0.2	0.2	0.0	0.0	0.4	0.2	0.2	0.0	0.2
MNFGAF	0.6	0.2	0.0	0.0	0.2	0.4	0.4	0.0	0.0	0.2
MNFGTF	0.4	0.2	0.0	0.0	0.4	0.2	0.4	0.0	0.0	0.4
MQIVYK	0.6	0.2	0.0	0.0	0.2	0.4	0.2	0.2	0.0	0.2
MSDSNQ	0.2	0.0	0.0	0.2	0.6	0.0	0.0	0.0	0.2	0.8
MSLNDF	0.4	0.0	0.0	0.2	0.4	0.2	0.2	0.0	0.2	0.4
MTFIQN	0.4	0.2	0.0	0.0	0.4	0.2	0.2	0.0	0.0	0.6
MTVIIE	0.8	0.0	0.0	0.0	0.2	0.6	0.0	0.0	0.2	0.2
MTVKQF	0.4	0.0	0.2	0.0	0.4	0.2	0.2	0.2	0.0	0.4
MVGGVV	1.0	0.0	0.0	0.0	0.0	1.0	0.0	0.0	0.0	0.0
MYFFIF	0.4	0.6	0.0	0.0	0.0	0.2	0.8	0.0	0.0	0.0
MYWIIF	0.6	0.4	0.0	0.0	0.0	0.4	0.6	0.0	0.0	0.0
NAGSGS	0.6	0.0	0.0	0.0	0.4	0.6	0.0	0.0	0.0	0.4
NANASS	0.4	0.0	0.0	0.0	0.6	0.4	0.0	0.0	0.0	0.6
NANTSN	0.2	0.0	0.0	0.0	0.8	0.2	0.0	0.0	0.0	0.8
NAQAQP	0.4	0.0	0.0	0.0	0.6	0.4	0.0	0.0	0.0	0.6
NATAHQ	0.4	0.0	0.2	0.0	0.4	0.4	0.0	0.2	0.0	0.4
NATKKV	0.2	0.0	0.4	0.0	0.4	0.4	0.0	0.4	0.0	0.2
NATVYV	0.4	0.2	0.0	0.0	0.4	0.6	0.2	0.0	0.0	0.2
NDFQKQ	0.0	0.2	0.2	0.2	0.4	0.0	0.2	0.2	0.2	0.4
NDNNNN	0.0	0.0	0.0	0.2	0.8	0.0	0.0	0.0	0.2	0.8
NDNNSN	0.0	0.0	0.0	0.2	0.8	0.0	0.0	0.0	0.2	0.8
NENGNA	0.2	0.0	0.0	0.2	0.6	0.4	0.0	0.0	0.2	0.4
NFFIQS	0.2	0.4	0.0	0.0	0.4	0.2	0.4	0.0	0.0	0.4
NFFWLL	0.2	0.6	0.0	0.0	0.2	0.4	0.6	0.0	0.0	0.0
NFGAFS	0.4	0.4	0.0	0.0	0.2	0.4	0.4	0.0	0.0	0.2
NFGAIL	0.6	0.2	0.0	0.0	0.2	0.8	0.2	0.0	0.0	0.0
NFGEFS	0.2	0.4	0.0	0.2	0.2	0.2	0.4	0.0	0.2	0.2
NFGSVQ	0.4	0.2	0.0	0.0	0.4	0.4	0.2	0.0	0.0	0.4
NFGTFS	0.2	0.4	0.0	0.0	0.4	0.2	0.4	0.0	0.0	0.4
NFLVHS	0.4	0.2	0.2	0.0	0.2	0.4	0.2	0.2	0.0	0.2
NFNNGN	0.2	0.2	0.0	0.0	0.6	0.2	0.2	0.0	0.0	0.6
NFNYNN	0.0	0.4	0.0	0.0	0.6	0.0	0.4	0.0	0.0	0.6
NFVNYS	0.2	0.4	0.0	0.0	0.4	0.2	0.4	0.0	0.0	0.4
NGAAVD	0.8	0.0	0.0	0.0	0.2	0.8	0.0	0.0	0.2	0.0
NGADVG	0.6	0.0	0.0	0.2	0.2	0.8	0.0	0.0	0.2	0.0
NGERIE	0.4	0.0	0.2	0.2	0.2	0.4	0.0	0.2	0.4	0.0
NGIVIV	0.8	0.0	0.0	0.0	0.2	1.0	0.0	0.0	0.0	0.0
NGKSNF	0.2	0.0	0.2	0.0	0.6	0.2	0.2	0.2	0.0	0.4
NGNLSN	0.4	0.0	0.0	0.0	0.6	0.4	0.0	0.0	0.0	0.6
NGNLTS	0.4	0.0	0.0	0.0	0.6	0.4	0.0	0.0	0.0	0.6
NGNNSN	0.2	0.0	0.0	0.0	0.8	0.2	0.0	0.0	0.0	0.8
NGNQNR	0.2	0.0	0.0	0.0	0.8	0.2	0.0	0.2	0.0	0.6
NGNQQQ	0.2	0.0	0.0	0.0	0.8	0.2	0.0	0.0	0.0	0.8
NHFCIQ	0.2	0.2	0.2	0.0	0.4	0.2	0.2	0.2	0.0	0.4
NHGGGG	0.6	0.0	0.2	0.0	0.2	0.8	0.0	0.2	0.0	0.0
NHVTLS	0.4	0.0	0.2	0.0	0.4	0.4	0.0	0.2	0.0	0.4
NIDQSF	0.2	0.0	0.0	0.2	0.6	0.2	0.2	0.0	0.2	0.4
NIFNFT	0.2	0.4	0.0	0.0	0.4	0.2	0.4	0.0	0.0	0.4
NIFNIT	0.4	0.2	0.0	0.0	0.4	0.4	0.2	0.0	0.0	0.4
NIFWVQ	0.4	0.4	0.0	0.0	0.2	0.4	0.4	0.0	0.0	0.2
NIGNNS	0.4	0.0	0.0	0.0	0.6	0.4	0.0	0.0	0.0	0.6
NIGQSF	0.4	0.0	0.0	0.0	0.6	0.4	0.2	0.0	0.0	0.4
NINFFT	0.2	0.4	0.0	0.0	0.4	0.2	0.4	0.0	0.0	0.4
NINFIT	0.4	0.2	0.0	0.0	0.4	0.4	0.2	0.0	0.0	0.4
NININV	0.4	0.0	0.0	0.0	0.6	0.6	0.0	0.0	0.0	0.4
NINKSN	0.2	0.0	0.2	0.0	0.6	0.2	0.0	0.2	0.0	0.6
NINNNN	0.2	0.0	0.0	0.0	0.8	0.2	0.0	0.0	0.0	0.8
NINNSI	0.2	0.0	0.0	0.0	0.8	0.4	0.0	0.0	0.0	0.6
NINNST	0.2	0.0	0.0	0.0	0.8	0.2	0.0	0.0	0.0	0.8
NIQYQF	0.2	0.2	0.0	0.0	0.6	0.2	0.4	0.0	0.0	0.4
NISNNN	0.2	0.0	0.0	0.0	0.8	0.2	0.0	0.0	0.0	0.8
NIVLIM	0.8	0.0	0.0	0.0	0.2	1.0	0.0	0.0	0.0	0.0
NIYQYG	0.2	0.4	0.0	0.0	0.4	0.4	0.4	0.0	0.0	0.2
NKFGGP	0.4	0.2	0.2	0.0	0.2	0.4	0.2	0.2	0.0	0.2
NKGAII	0.6	0.0	0.2	0.0	0.2	0.8	0.0	0.2	0.0	0.0
NLFYQL	0.2	0.4	0.0	0.0	0.4	0.4	0.4	0.0	0.0	0.2
NLGPVL	0.6	0.0	0.0	0.0	0.4	0.8	0.0	0.0	0.0	0.2
NLQGYQ	0.4	0.2	0.0	0.0	0.4	0.4	0.2	0.0	0.0	0.4
NLYTDR	0.2	0.2	0.0	0.2	0.4	0.2	0.2	0.2	0.2	0.2
NMGGGM	0.8	0.0	0.0	0.0	0.2	1.0	0.0	0.0	0.0	0.0
NMNMNL	0.4	0.0	0.0	0.0	0.6	0.6	0.0	0.0	0.0	0.4
NNATAH	0.4	0.0	0.0	0.0	0.6	0.4	0.0	0.2	0.0	0.4
NNGGNN	0.4	0.0	0.0	0.0	0.6	0.4	0.0	0.0	0.0	0.6
NNLQGY	0.4	0.0	0.0	0.0	0.6	0.4	0.2	0.0	0.0	0.4
NNNGNQ	0.2	0.0	0.0	0.0	0.8	0.2	0.0	0.0	0.0	0.8
NNNISN	0.2	0.0	0.0	0.0	0.8	0.2	0.0	0.0	0.0	0.8
NNNISV	0.2	0.0	0.0	0.0	0.8	0.4	0.0	0.0	0.0	0.6
NNNKNN	0.0	0.0	0.2	0.0	0.8	0.0	0.0	0.2	0.0	0.8
NNNLQG	0.2	0.0	0.0	0.0	0.8	0.4	0.0	0.0	0.0	0.6
NNNNNE	0.0	0.0	0.0	0.0	1.0	0.0	0.0	0.0	0.2	0.8
NNNNSN	0.0	0.0	0.0	0.0	1.0	0.0	0.0	0.0	0.0	1.0
NNNNTN	0.0	0.0	0.0	0.0	1.0	0.0	0.0	0.0	0.0	1.0
NNNRGG	0.2	0.0	0.2	0.0	0.6	0.4	0.0	0.2	0.0	0.4
NNNSSS	0.0	0.0	0.0	0.0	1.0	0.0	0.0	0.0	0.0	1.0
NNNWSL	0.0	0.2	0.0	0.0	0.8	0.2	0.2	0.0	0.0	0.6
NNQNTF	0.0	0.0	0.0	0.0	1.0	0.0	0.2	0.0	0.0	0.8
NNQQNY	0.0	0.0	0.0	0.0	1.0	0.0	0.2	0.0	0.0	0.8
NNRYQG	0.0	0.2	0.2	0.0	0.6	0.2	0.2	0.2	0.0	0.4
NNSGPN	0.2	0.0	0.0	0.0	0.8	0.2	0.0	0.0	0.0	0.8
NNSYSG	0.0	0.2	0.0	0.0	0.8	0.2	0.2	0.0	0.0	0.6
NNTIFV	0.2	0.2	0.0	0.0	0.6	0.4	0.2	0.0	0.0	0.4
NPAMMA	0.6	0.0	0.0	0.0	0.4	0.8	0.0	0.0	0.0	0.2
NPDAGY	0.4	0.0	0.0	0.2	0.4	0.4	0.2	0.0	0.2	0.2
NPQGGR	0.4	0.0	0.0	0.0	0.6	0.4	0.0	0.2	0.0	0.4
NPQGGY	0.4	0.0	0.0	0.0	0.6	0.4	0.2	0.0	0.0	0.4
NQFIIS	0.4	0.2	0.0	0.0	0.4	0.4	0.2	0.0	0.0	0.4
NQFNLM	0.2	0.2	0.0	0.0	0.6	0.4	0.2	0.0	0.0	0.4
NQGNNQ	0.2	0.0	0.0	0.0	0.8	0.2	0.0	0.0	0.0	0.8
NQGYNT	0.2	0.2	0.0	0.0	0.6	0.2	0.2	0.0	0.0	0.6
NQIVYK	0.4	0.2	0.0	0.0	0.4	0.4	0.2	0.2	0.0	0.2
NQNMNN	0.2	0.0	0.0	0.0	0.8	0.2	0.0	0.0	0.0	0.8
NQNNFV	0.0	0.2	0.0	0.0	0.8	0.2	0.2	0.0	0.0	0.6
NQQNQY	0.0	0.0	0.0	0.0	1.0	0.0	0.2	0.0	0.0	0.8
NQQNYQ	0.0	0.2	0.0	0.0	0.8	0.0	0.2	0.0	0.0	0.8
NQQQGN	0.2	0.0	0.0	0.0	0.8	0.2	0.0	0.0	0.0	0.8
NQSCPS	0.0	0.0	0.0	0.0	1.0	0.0	0.0	0.0	0.0	1.0
NQSGFG	0.2	0.2	0.0	0.0	0.6	0.4	0.2	0.0	0.0	0.4
NQYNSS	0.0	0.2	0.0	0.0	0.8	0.0	0.2	0.0	0.0	0.8
NRYQGY	0.2	0.2	0.2	0.0	0.4	0.2	0.4	0.2	0.0	0.2
NSALAL	0.6	0.0	0.0	0.0	0.4	0.8	0.0	0.0	0.0	0.2
NSATLD	0.4	0.0	0.0	0.0	0.6	0.4	0.0	0.0	0.2	0.4
NSGAAI	0.6	0.0	0.0	0.0	0.4	0.8	0.0	0.0	0.0	0.2
NSNINQ	0.2	0.0	0.0	0.0	0.8	0.2	0.0	0.0	0.0	0.8
NSNLTA	0.2	0.0	0.0	0.0	0.8	0.4	0.0	0.0	0.0	0.6
NSNNSN	0.0	0.0	0.0	0.0	1.0	0.0	0.0	0.0	0.0	1.0
NSNSSN	0.0	0.0	0.0	0.0	1.0	0.0	0.0	0.0	0.0	1.0
NSNTNT	0.0	0.0	0.0	0.0	1.0	0.0	0.0	0.0	0.0	1.0
NSNTTK	0.0	0.0	0.0	0.0	1.0	0.0	0.0	0.2	0.0	0.8
NSNYTQ	0.0	0.2	0.0	0.0	0.8	0.0	0.2	0.0	0.0	0.8
NSSFNG	0.0	0.2	0.0	0.0	0.8	0.2	0.2	0.0	0.0	0.6
NSYSGS	0.2	0.2	0.0	0.0	0.6	0.2	0.2	0.0	0.0	0.6
NTIFVQ	0.4	0.2	0.0	0.0	0.4	0.4	0.2	0.0	0.0	0.4
NTNNTS	0.0	0.0	0.0	0.0	1.0	0.0	0.0	0.0	0.0	1.0
NTVIIE	0.6	0.0	0.0	0.0	0.4	0.6	0.0	0.0	0.2	0.2
NVAMHV	0.6	0.0	0.2	0.0	0.2	0.8	0.0	0.2	0.0	0.0
NVAVHV	0.6	0.0	0.2	0.0	0.2	0.8	0.0	0.2	0.0	0.0
NVNFSN	0.2	0.2	0.0	0.0	0.6	0.2	0.2	0.0	0.0	0.6
NVTQVG	0.4	0.0	0.0	0.0	0.6	0.6	0.0	0.0	0.0	0.4
NYCNFV	0.0	0.4	0.0	0.0	0.6	0.2	0.4	0.0	0.0	0.4
NYFAIR	0.4	0.4	0.0	0.0	0.2	0.4	0.4	0.2	0.0	0.0
NYKNFN	0.0	0.4	0.2	0.0	0.4	0.0	0.4	0.2	0.0	0.4
NYNNNL	0.0	0.2	0.0	0.0	0.8	0.2	0.2	0.0	0.0	0.6
NYNNSG	0.0	0.2	0.0	0.0	0.8	0.2	0.2	0.0	0.0	0.6
NYNNSS	0.0	0.2	0.0	0.0	0.8	0.0	0.2	0.0	0.0	0.8
NYNTYR	0.0	0.4	0.0	0.0	0.6	0.0	0.4	0.2	0.0	0.4
NYQGYS	0.2	0.4	0.0	0.0	0.4	0.2	0.4	0.0	0.0	0.4
NYQQYS	0.0	0.4	0.0	0.0	0.6	0.0	0.4	0.0	0.0	0.6
NYVWIV	0.4	0.4	0.0	0.0	0.2	0.6	0.4	0.0	0.0	0.0
PAESDK	0.2	0.0	0.0	0.4	0.4	0.2	0.0	0.2	0.4	0.2
PAGGYY	0.6	0.2	0.0	0.0	0.2	0.6	0.4	0.0	0.0	0.0
PAMMAA	0.8	0.0	0.0	0.0	0.2	1.0	0.0	0.0	0.0	0.0
PATVYV	0.4	0.2	0.0	0.0	0.4	0.6	0.2	0.0	0.0	0.2
PDAGYQ	0.4	0.2	0.0	0.2	0.2	0.4	0.2	0.0	0.2	0.2
PGGFGN	0.6	0.2	0.0	0.0	0.2	0.6	0.2	0.0	0.0	0.2
PKIQVY	0.4	0.0	0.2	0.0	0.4	0.4	0.2	0.2	0.0	0.2
PKKTLK	0.2	0.0	0.4	0.0	0.4	0.2	0.0	0.6	0.0	0.2
PKPKKT	0.0	0.0	0.6	0.0	0.4	0.0	0.0	0.6	0.0	0.4
PKVEDL	0.2	0.0	0.2	0.4	0.2	0.4	0.0	0.2	0.4	0.0
PMINLY	0.6	0.0	0.0	0.0	0.4	0.6	0.2	0.0	0.0	0.2
QANKHI	0.2	0.0	0.4	0.0	0.4	0.4	0.0	0.4	0.0	0.2
QATVYV	0.4	0.2	0.0	0.0	0.4	0.6	0.2	0.0	0.0	0.2
QEMRHF	0.2	0.0	0.4	0.2	0.2	0.2	0.2	0.4	0.2	0.0
QFFLQF	0.2	0.4	0.0	0.0	0.4	0.2	0.6	0.0	0.0	0.2
QGVCFR	0.4	0.2	0.0	0.0	0.4	0.4	0.2	0.2	0.0	0.2
QILLWS	0.6	0.2	0.0	0.0	0.2	0.6	0.2	0.0	0.0	0.2
QLENYC	0.2	0.2	0.0	0.2	0.4	0.2	0.2	0.0	0.2	0.4
QLFINF	0.4	0.2	0.0	0.0	0.4	0.4	0.4	0.0	0.0	0.2
QLFLQI	0.4	0.2	0.0	0.0	0.4	0.6	0.2	0.0	0.0	0.2
QNLLWQ	0.4	0.2	0.0	0.0	0.4	0.4	0.2	0.0	0.0	0.4
QQIVYK	0.4	0.2	0.0	0.0	0.4	0.4	0.2	0.2	0.0	0.2
QQSLFQ	0.2	0.2	0.0	0.0	0.6	0.2	0.2	0.0	0.0	0.6
QTFLVN	0.4	0.2	0.0	0.0	0.4	0.4	0.2	0.0	0.0	0.4
QTVIIE	0.6	0.0	0.0	0.0	0.4	0.6	0.0	0.0	0.2	0.2
QYFEQF	0.0	0.4	0.0	0.2	0.4	0.0	0.6	0.0	0.2	0.2
QYGGNA	0.4	0.2	0.0	0.0	0.4	0.6	0.2	0.0	0.0	0.2
QYGGNN	0.4	0.2	0.0	0.0	0.4	0.4	0.2	0.0	0.0	0.4
RATVYV	0.4	0.2	0.2	0.0	0.2	0.6	0.2	0.0	0.0	0.2
RQVLIF	0.6	0.0	0.2	0.0	0.2	0.6	0.2	0.0	0.0	0.2
RTVIIE	0.6	0.0	0.2	0.0	0.2	0.6	0.0	0.0	0.2	0.2
RVFNIM	0.4	0.2	0.2	0.0	0.2	0.6	0.2	0.0	0.0	0.2
SALALQ	0.8	0.0	0.0	0.0	0.2	0.8	0.0	0.0	0.0	0.2
SATVYV	0.4	0.2	0.0	0.0	0.4	0.6	0.2	0.0	0.0	0.2
SAVIIE	0.8	0.0	0.0	0.0	0.2	0.8	0.0	0.0	0.2	0.0
SDVIIE	0.6	0.0	0.0	0.2	0.2	0.6	0.0	0.0	0.4	0.0
SELNIY	0.4	0.0	0.0	0.2	0.4	0.4	0.2	0.0	0.2	0.2
SEVIIE	0.6	0.0	0.0	0.2	0.2	0.6	0.0	0.0	0.4	0.0
SFFFIQ	0.2	0.6	0.0	0.0	0.2	0.2	0.6	0.0	0.0	0.2
SFLIFL	0.4	0.4	0.0	0.0	0.2	0.6	0.4	0.0	0.0	0.0
SFQIYA	0.2	0.4	0.0	0.0	0.4	0.4	0.4	0.0	0.0	0.2
SFVIIE	0.6	0.2	0.0	0.0	0.2	0.6	0.2	0.0	0.2	0.0
SGVIIE	0.8	0.0	0.0	0.0	0.2	0.8	0.0	0.0	0.2	0.0
SIVIIE	0.8	0.0	0.0	0.0	0.2	0.8	0.0	0.0	0.2	0.0
SLVIIE	0.8	0.0	0.0	0.0	0.2	0.8	0.0	0.0	0.2	0.0
SMVIIE	0.8	0.0	0.0	0.0	0.2	0.8	0.0	0.0	0.2	0.0
SMVLFS	0.6	0.2	0.0	0.0	0.2	0.6	0.2	0.0	0.0	0.2
SNQNNF	0.0	0.0	0.0	0.0	1.0	0.0	0.2	0.0	0.0	0.8
SNVIIE	0.6	0.0	0.0	0.0	0.4	0.6	0.0	0.0	0.2	0.2
SQAIIH	0.6	0.0	0.0	0.0	0.4	0.6	0.0	0.2	0.0	0.2
SQFYIT	0.2	0.4	0.0	0.0	0.4	0.2	0.4	0.0	0.0	0.4
SQIVYK	0.4	0.2	0.0	0.0	0.4	0.4	0.2	0.2	0.0	0.2
SQVIIE	0.6	0.0	0.0	0.0	0.4	0.6	0.0	0.0	0.2	0.2
SSNNFG	0.0	0.2	0.0	0.0	0.8	0.2	0.2	0.0	0.0	0.6
SSQVTQ	0.2	0.0	0.0	0.0	0.8	0.2	0.0	0.0	0.0	0.8
SSTNVG	0.2	0.0	0.0	0.0	0.8	0.4	0.0	0.0	0.0	0.6
SSTSAA	0.2	0.0	0.0	0.0	0.8	0.4	0.0	0.0	0.0	0.6
SSVIIE	0.6	0.0	0.0	0.0	0.4	0.6	0.0	0.0	0.2	0.2
STEIIE	0.4	0.0	0.0	0.2	0.4	0.4	0.0	0.0	0.4	0.2
STFIFE	0.2	0.4	0.0	0.0	0.4	0.2	0.4	0.0	0.2	0.2
STFIIE	0.4	0.2	0.0	0.0	0.4	0.4	0.2	0.0	0.2	0.2
STFLIE	0.4	0.2	0.0	0.0	0.4	0.4	0.2	0.0	0.2	0.2
STFTFE	0.0	0.4	0.0	0.0	0.6	0.0	0.4	0.0	0.2	0.4
STLIIE	0.6	0.0	0.0	0.0	0.4	0.6	0.0	0.0	0.2	0.2
STMSIT	0.4	0.0	0.0	0.0	0.6	0.4	0.0	0.0	0.0	0.6
STNIIE	0.4	0.0	0.0	0.0	0.6	0.4	0.0	0.0	0.2	0.4
STQIIE	0.4	0.0	0.0	0.0	0.6	0.4	0.0	0.0	0.2	0.4
STSIIE	0.4	0.0	0.0	0.0	0.6	0.4	0.0	0.0	0.2	0.4
STVEIE	0.4	0.0	0.0	0.2	0.4	0.4	0.0	0.0	0.4	0.2
STVFIE	0.4	0.2	0.0	0.0	0.4	0.4	0.2	0.0	0.2	0.2
STVIFE	0.4	0.2	0.0	0.0	0.4	0.4	0.2	0.0	0.2	0.2
STVIIA	0.6	0.0	0.0	0.0	0.4	0.8	0.0	0.0	0.0	0.2
STVIID	0.6	0.0	0.0	0.0	0.4	0.6	0.0	0.0	0.2	0.2
STVIIE	0.6	0.0	0.0	0.0	0.4	0.6	0.0	0.0	0.2	0.2
STVIIF	0.6	0.0	0.0	0.0	0.4	0.6	0.2	0.0	0.0	0.2
STVIIG	0.6	0.0	0.0	0.0	0.4	0.8	0.0	0.0	0.0	0.2
STVIII	0.6	0.0	0.0	0.0	0.4	0.8	0.0	0.0	0.0	0.2
STVIIL	0.6	0.0	0.0	0.0	0.4	0.8	0.0	0.0	0.0	0.2
STVIIM	0.6	0.0	0.0	0.0	0.4	0.8	0.0	0.0	0.0	0.2
STVIIN	0.6	0.0	0.0	0.0	0.4	0.6	0.0	0.0	0.0	0.4
STVIIQ	0.6	0.0	0.0	0.0	0.4	0.6	0.0	0.0	0.0	0.4
STVIIS	0.6	0.0	0.0	0.0	0.4	0.6	0.0	0.0	0.0	0.4
STVIIT	0.6	0.0	0.0	0.0	0.4	0.6	0.0	0.0	0.0	0.4
STVIIV	0.6	0.0	0.0	0.0	0.4	0.8	0.0	0.0	0.0	0.2
STVIIW	0.6	0.0	0.0	0.0	0.4	0.6	0.2	0.0	0.0	0.2
STVIIY	0.6	0.0	0.0	0.0	0.4	0.6	0.2	0.0	0.0	0.2
STVIYE	0.4	0.2	0.0	0.0	0.4	0.4	0.2	0.0	0.2	0.2
STVLIE	0.6	0.0	0.0	0.0	0.4	0.6	0.0	0.0	0.2	0.2
STVNIE	0.4	0.0	0.0	0.0	0.6	0.4	0.0	0.0	0.2	0.4
STVTIE	0.4	0.0	0.0	0.0	0.6	0.4	0.0	0.0	0.2	0.4
STVWIE	0.4	0.2	0.0	0.0	0.4	0.4	0.2	0.0	0.2	0.2
STVYIE	0.4	0.2	0.0	0.0	0.4	0.4	0.2	0.0	0.2	0.2
STWIFE	0.2	0.4	0.0	0.0	0.4	0.2	0.4	0.0	0.2	0.2
STWIIE	0.4	0.2	0.0	0.0	0.4	0.4	0.2	0.0	0.2	0.2
STWIYE	0.2	0.4	0.0	0.0	0.4	0.2	0.4	0.0	0.2	0.2
STWLIE	0.4	0.2	0.0	0.0	0.4	0.4	0.2	0.0	0.2	0.2
SVNLDV	0.4	0.0	0.0	0.2	0.4	0.6	0.0	0.0	0.2	0.2
SVSSSY	0.2	0.0	0.0	0.0	0.8	0.2	0.2	0.0	0.0	0.6
SVVIIE	0.8	0.0	0.0	0.0	0.2	0.8	0.0	0.0	0.2	0.0
SYSTMS	0.2	0.2	0.0	0.0	0.6	0.2	0.2	0.0	0.0	0.6
SYVIIE	0.6	0.2	0.0	0.0	0.2	0.6	0.2	0.0	0.2	0.0
TAMIIQ	0.8	0.0	0.0	0.0	0.2	0.8	0.0	0.0	0.0	0.2
TAMLGT	0.8	0.0	0.0	0.0	0.2	0.8	0.0	0.0	0.0	0.2
TASNSS	0.2	0.0	0.0	0.0	0.8	0.2	0.0	0.0	0.0	0.8
TATVYV	0.4	0.2	0.0	0.0	0.4	0.6	0.2	0.0	0.0	0.2
TAVTHR	0.4	0.0	0.2	0.0	0.4	0.4	0.0	0.4	0.0	0.2
TAVVTN	0.6	0.0	0.0	0.0	0.4	0.6	0.0	0.0	0.0	0.4
TCMLGT	0.6	0.0	0.0	0.0	0.4	0.6	0.0	0.0	0.0	0.4
TCVTHR	0.2	0.0	0.2	0.0	0.6	0.2	0.0	0.4	0.0	0.4
TFQINS	0.2	0.2	0.0	0.0	0.6	0.2	0.2	0.0	0.0	0.6
TGELAT	0.6	0.0	0.0	0.2	0.2	0.6	0.0	0.0	0.2	0.2
TIITLE	0.6	0.0	0.0	0.0	0.4	0.6	0.0	0.0	0.2	0.2
TIITVT	0.6	0.0	0.0	0.0	0.4	0.6	0.0	0.0	0.0	0.4
TQIVYK	0.4	0.2	0.0	0.0	0.4	0.4	0.2	0.2	0.0	0.2
TTVIIE	0.6	0.0	0.0	0.0	0.4	0.6	0.0	0.0	0.2	0.2
TYVEYI	0.2	0.4	0.0	0.2	0.2	0.4	0.4	0.0	0.2	0.0
VAFNIT	0.6	0.2	0.0	0.0	0.2	0.4	0.2	0.0	0.0	0.4
VAIVYK	0.8	0.2	0.0	0.0	0.0	0.6	0.2	0.2	0.0	0.0
VANFIT	0.6	0.2	0.0	0.0	0.2	0.4	0.2	0.0	0.0	0.4
VATVYV	0.6	0.2	0.0	0.0	0.2	0.6	0.2	0.0	0.0	0.2
VAVHVF	0.8	0.0	0.2	0.0	0.0	0.6	0.2	0.2	0.0	0.0
VCIVYK	0.6	0.2	0.0	0.0	0.2	0.4	0.2	0.2	0.0	0.2
VDIVYK	0.6	0.2	0.0	0.2	0.0	0.4	0.2	0.2	0.2	0.0
VEALYL	0.6	0.2	0.0	0.2	0.0	0.6	0.2	0.0	0.2	0.0
VEIVYK	0.6	0.2	0.0	0.2	0.0	0.4	0.2	0.2	0.2	0.0
VFFNNT	0.2	0.4	0.0	0.0	0.4	0.0	0.4	0.0	0.0	0.6
VFIVYK	0.6	0.4	0.0	0.0	0.0	0.4	0.4	0.2	0.0	0.0
VGIVYK	0.8	0.2	0.0	0.0	0.0	0.6	0.2	0.2	0.0	0.0
VHIVYK	0.6	0.2	0.2	0.0	0.0	0.4	0.2	0.4	0.0	0.0
VIFTIM	0.6	0.2	0.0	0.0	0.2	0.6	0.2	0.0	0.0	0.2
VIGIAQ	1.0	0.0	0.0	0.0	0.0	0.8	0.0	0.0	0.0	0.2
VIIVYK	0.8	0.2	0.0	0.0	0.0	0.6	0.2	0.2	0.0	0.0
VILLIS	1.0	0.0	0.0	0.0	0.0	0.8	0.0	0.0	0.0	0.2
VIVATT	0.8	0.0	0.0	0.0	0.2	0.6	0.0	0.0	0.0	0.4
VKIVYK	0.6	0.2	0.2	0.0	0.0	0.4	0.2	0.4	0.0	0.0
VLIVYK	0.8	0.2	0.0	0.0	0.0	0.6	0.2	0.2	0.0	0.0
VLVEAQ	0.8	0.0	0.0	0.2	0.0	0.6	0.0	0.0	0.2	0.2
VMIVYK	0.8	0.2	0.0	0.0	0.0	0.6	0.2	0.2	0.0	0.0
VNIVYK	0.6	0.2	0.0	0.0	0.2	0.4	0.2	0.2	0.0	0.2
VNQLYQ	0.4	0.2	0.0	0.0	0.4	0.2	0.2	0.0	0.0	0.6
VNVTQV	0.4	0.0	0.0	0.0	0.6	0.4	0.0	0.0	0.0	0.6
VQCVYK	0.4	0.2	0.0	0.0	0.4	0.2	0.2	0.2	0.0	0.4
VQFLQS	0.4	0.2	0.0	0.0	0.4	0.2	0.2	0.0	0.0	0.6
VQFVYK	0.4	0.4	0.0	0.0	0.2	0.2	0.4	0.2	0.0	0.2
VQICYK	0.4	0.2	0.0	0.0	0.4	0.2	0.2	0.2	0.0	0.4
VQIDYK	0.4	0.2	0.0	0.2	0.2	0.2	0.2	0.2	0.2	0.2
VQIFYK	0.4	0.4	0.0	0.0	0.2	0.2	0.4	0.2	0.0	0.2
VQIINK	0.6	0.0	0.0	0.0	0.4	0.4	0.0	0.2	0.0	0.4
VQIIYK	0.6	0.2	0.0	0.0	0.2	0.4	0.2	0.2	0.0	0.2
VQIKYK	0.4	0.2	0.2	0.0	0.2	0.2	0.2	0.4	0.0	0.2
VQILYK	0.6	0.2	0.0	0.0	0.2	0.4	0.2	0.2	0.0	0.2
VQIMYK	0.6	0.2	0.0	0.0	0.2	0.4	0.2	0.2	0.0	0.2
VQINYK	0.4	0.2	0.0	0.0	0.4	0.2	0.2	0.2	0.0	0.4
VQIQYK	0.4	0.2	0.0	0.0	0.4	0.2	0.2	0.2	0.0	0.4
VQIRYK	0.4	0.2	0.2	0.0	0.2	0.2	0.2	0.4	0.0	0.2
VQISYK	0.4	0.2	0.0	0.0	0.4	0.2	0.2	0.2	0.0	0.4
VQITYK	0.4	0.2	0.0	0.0	0.4	0.2	0.2	0.2	0.0	0.4
VQIVAK	0.8	0.0	0.0	0.0	0.2	0.6	0.0	0.2	0.0	0.2
VQIVCK	0.6	0.0	0.0	0.0	0.4	0.4	0.0	0.2	0.0	0.4
VQIVDK	0.6	0.0	0.0	0.2	0.2	0.4	0.0	0.2	0.2	0.2
VQIVEK	0.6	0.0	0.0	0.2	0.2	0.4	0.0	0.2	0.2	0.2
VQIVFK	0.6	0.2	0.0	0.0	0.2	0.4	0.2	0.2	0.0	0.2
VQIVGK	0.8	0.0	0.0	0.0	0.2	0.6	0.0	0.2	0.0	0.2
VQIVHK	0.6	0.0	0.2	0.0	0.2	0.4	0.0	0.4	0.0	0.2
VQIVIK	0.8	0.0	0.0	0.0	0.2	0.6	0.0	0.2	0.0	0.2
VQIVKK	0.6	0.0	0.2	0.0	0.2	0.4	0.0	0.4	0.0	0.2
VQIVLK	0.8	0.0	0.0	0.0	0.2	0.6	0.0	0.2	0.0	0.2
VQIVMK	0.8	0.0	0.0	0.0	0.2	0.6	0.0	0.2	0.0	0.2
VQIVNK	0.6	0.0	0.0	0.0	0.4	0.4	0.0	0.2	0.0	0.4
VQIVPK	0.6	0.0	0.0	0.0	0.4	0.4	0.0	0.2	0.0	0.4
VQIVQK	0.6	0.0	0.0	0.0	0.4	0.4	0.0	0.2	0.0	0.4
VQIVRK	0.6	0.0	0.2	0.0	0.2	0.4	0.0	0.4	0.0	0.2
VQIVSK	0.6	0.0	0.0	0.0	0.4	0.4	0.0	0.2	0.0	0.4
VQIVTK	0.6	0.0	0.0	0.0	0.4	0.4	0.0	0.2	0.0	0.4
VQIVVK	0.8	0.0	0.0	0.0	0.2	0.6	0.0	0.2	0.0	0.2
VQIVWK	0.6	0.2	0.0	0.0	0.2	0.4	0.2	0.2	0.0	0.2
VQIVYA	0.6	0.2	0.0	0.0	0.2	0.6	0.2	0.0	0.0	0.2
VQIVYC	0.6	0.2	0.0	0.0	0.2	0.4	0.2	0.0	0.0	0.4
VQIVYD	0.6	0.2	0.0	0.0	0.2	0.4	0.2	0.0	0.2	0.2
VQIVYE	0.6	0.2	0.0	0.0	0.2	0.4	0.2	0.0	0.2	0.2
VQIVYF	0.6	0.2	0.0	0.0	0.2	0.4	0.4	0.0	0.0	0.2
VQIVYG	0.6	0.2	0.0	0.0	0.2	0.6	0.2	0.0	0.0	0.2
VQIVYH	0.6	0.2	0.0	0.0	0.2	0.4	0.2	0.2	0.0	0.2
VQIVYI	0.6	0.2	0.0	0.0	0.2	0.6	0.2	0.0	0.0	0.2
VQIVYK	0.6	0.2	0.0	0.0	0.2	0.4	0.2	0.2	0.0	0.2
VQIVYL	0.6	0.2	0.0	0.0	0.2	0.6	0.2	0.0	0.0	0.2
VQIVYM	0.6	0.2	0.0	0.0	0.2	0.6	0.2	0.0	0.0	0.2
VQIVYN	0.6	0.2	0.0	0.0	0.2	0.4	0.2	0.0	0.0	0.4
VQIVYP	0.6	0.2	0.0	0.0	0.2	0.4	0.2	0.0	0.0	0.4
VQIVYQ	0.6	0.2	0.0	0.0	0.2	0.4	0.2	0.0	0.0	0.4
VQIVYR	0.6	0.2	0.0	0.0	0.2	0.4	0.2	0.2	0.0	0.2
VQIVYS	0.6	0.2	0.0	0.0	0.2	0.4	0.2	0.0	0.0	0.4
VQIVYT	0.6	0.2	0.0	0.0	0.2	0.4	0.2	0.0	0.0	0.4
VQIVYV	0.6	0.2	0.0	0.0	0.2	0.6	0.2	0.0	0.0	0.2
VQIVYW	0.6	0.2	0.0	0.0	0.2	0.4	0.4	0.0	0.0	0.2
VQIVYY	0.6	0.2	0.0	0.0	0.2	0.4	0.4	0.0	0.0	0.2
VQIWYK	0.4	0.4	0.0	0.0	0.2	0.2	0.4	0.2	0.0	0.2
VQIYYK	0.4	0.4	0.0	0.0	0.2	0.2	0.4	0.2	0.0	0.2
VQLVYK	0.6	0.2	0.0	0.0	0.2	0.4	0.2	0.2	0.0	0.2
VQMVYK	0.6	0.2	0.0	0.0	0.2	0.4	0.2	0.2	0.0	0.2
VQNVYK	0.4	0.2	0.0	0.0	0.4	0.2	0.2	0.2	0.0	0.4
VQQVYK	0.4	0.2	0.0	0.0	0.4	0.2	0.2	0.2	0.0	0.4
VQTVYK	0.4	0.2	0.0	0.0	0.4	0.2	0.2	0.2	0.0	0.4
VQVVYK	0.6	0.2	0.0	0.0	0.2	0.4	0.2	0.2	0.0	0.2
VRIVYK	0.6	0.2	0.2	0.0	0.0	0.4	0.2	0.4	0.0	0.0
VSFEIV	0.4	0.2	0.0	0.2	0.2	0.4	0.2	0.0	0.2	0.2
VSFLSA	0.4	0.2	0.0	0.0	0.4	0.4	0.2	0.0	0.0	0.4
VSIVYK	0.6	0.2	0.0	0.0	0.2	0.4	0.2	0.2	0.0	0.2
VSTTVV	0.4	0.0	0.0	0.0	0.6	0.4	0.0	0.0	0.0	0.6
VTFTIQ	0.4	0.2	0.0	0.0	0.4	0.2	0.2	0.0	0.0	0.6
VTIVYK	0.6	0.2	0.0	0.0	0.2	0.4	0.2	0.2	0.0	0.2
VTLHAT	0.6	0.0	0.2	0.0	0.2	0.4	0.0	0.2	0.0	0.4
VTLWWG	0.4	0.4	0.0	0.0	0.2	0.4	0.4	0.0	0.0	0.2
VTQVGF	0.6	0.0	0.0	0.0	0.4	0.4	0.2	0.0	0.0	0.4
VTSTFS	0.2	0.2	0.0	0.0	0.6	0.0	0.2	0.0	0.0	0.8
VTVIIE	0.8	0.0	0.0	0.0	0.2	0.6	0.0	0.0	0.2	0.2
VTVQAT	0.6	0.0	0.0	0.0	0.4	0.4	0.0	0.0	0.0	0.6
VVFFIC	0.6	0.4	0.0	0.0	0.0	0.4	0.4	0.0	0.0	0.2
VVIVYK	0.8	0.2	0.0	0.0	0.0	0.6	0.2	0.2	0.0	0.0
VVSTTV	0.4	0.0	0.0	0.0	0.6	0.4	0.0	0.0	0.0	0.6
VWIVYK	0.6	0.4	0.0	0.0	0.0	0.4	0.4	0.2	0.0	0.0
VYIMIG	0.8	0.2	0.0	0.0	0.0	0.8	0.2	0.0	0.0	0.0
VYIVYK	0.6	0.4	0.0	0.0	0.0	0.4	0.4	0.2	0.0	0.0
WATVYV	0.4	0.4	0.0	0.0	0.2	0.6	0.2	0.0	0.0	0.2
WIVIFF	0.6	0.4	0.0	0.0	0.0	0.6	0.4	0.0	0.0	0.0
WPNVIT	0.4	0.2	0.0	0.0	0.4	0.4	0.0	0.0	0.0	0.6
WQIVYK	0.4	0.4	0.0	0.0	0.2	0.4	0.2	0.2	0.0	0.2
WTFNLY	0.2	0.4	0.0	0.0	0.4	0.2	0.4	0.0	0.0	0.4
WTVIIE	0.6	0.2	0.0	0.0	0.2	0.6	0.0	0.0	0.2	0.2
WTVNYS	0.2	0.4	0.0	0.0	0.4	0.2	0.2	0.0	0.0	0.6
WVFWIG	0.4	0.6	0.0	0.0	0.0	0.6	0.4	0.0	0.0	0.0
YAELIV	0.6	0.2	0.0	0.2	0.0	0.8	0.0	0.0	0.2	0.0
YATVYV	0.4	0.4	0.0	0.0	0.2	0.6	0.2	0.0	0.0	0.2
YHLAMA	0.6	0.2	0.2	0.0	0.0	0.8	0.0	0.2	0.0	0.0
YIFNNC	0.2	0.4	0.0	0.0	0.4	0.2	0.2	0.0	0.0	0.6
YLFLQY	0.4	0.4	0.0	0.0	0.2	0.4	0.4	0.0	0.0	0.2
YLLWYC	0.4	0.6	0.0	0.0	0.0	0.4	0.4	0.0	0.0	0.2
YLLYYT	0.4	0.6	0.0	0.0	0.0	0.4	0.4	0.0	0.0	0.2
YLNWYQ	0.2	0.6	0.0	0.0	0.2	0.2	0.4	0.0	0.0	0.4
YLVNFT	0.4	0.4	0.0	0.0	0.2	0.4	0.2	0.0	0.0	0.4
YNNYNN	0.0	0.4	0.0	0.0	0.6	0.0	0.2	0.0	0.0	0.8
YQIVYK	0.4	0.4	0.0	0.0	0.2	0.4	0.2	0.2	0.0	0.2
YQLIWQ	0.4	0.4	0.0	0.0	0.2	0.4	0.2	0.0	0.0	0.4
YTVIIE	0.6	0.2	0.0	0.0	0.2	0.6	0.0	0.0	0.2	0.2
YVEYIG	0.4	0.4	0.0	0.2	0.0	0.6	0.2	0.0	0.2	0.0
YYQNYQ	0.0	0.6	0.0	0.0	0.4	0.0	0.4	0.0	0.0	0.6
IIGLMV	1.0	0.0	0.0	0.0	0.0	1.0	0.0	0.0	0.0	0.0
FDTAST	0.2	0.2	0.0	0.2	0.4	0.2	0.0	0.0	0.2	0.6
KVKVLG	0.6	0.0	0.4	0.0	0.0	0.8	0.0	0.2	0.0	0.0
GDVIEW	0.6	0.0	0.0	0.4	0.0	0.4	0.2	0.0	0.4	0.0
VKAVAK	0.8	0.0	0.2	0.0	0.0	0.6	0.0	0.4	0.0	0.0
IKGAIK	0.8	0.0	0.2	0.0	0.0	0.6	0.0	0.4	0.0	0.0
