#	alphatic	aromatic	postivecharge	negativecharge	uncharge
AAAQAA	0.8333333333333334	0.0	0.0	0.0	0.16666666666666666
AAELRN	0.5	0.0	0.16666666666666666	0.16666666666666666	0.16666666666666666
AAIDWF	0.5	0.3333333333333333	0.0	0.16666666666666666	0.0
AAIGWG	0.8333333333333334	0.16666666666666666	0.0	0.0	0.0
AAIIGQ	0.8333333333333334	0.0	0.0	0.0	0.16666666666666666
AALQSS	0.5	0.0	0.0	0.0	0.5
AAPKPK	0.3333333333333333	0.0	0.3333333333333333	0.0	0.3333333333333333
AAQAAL	0.8333333333333334	0.0	0.0	0.0	0.16666666666666666
AARRFF	0.3333333333333333	0.3333333333333333	0.3333333333333333	0.0	0.0
AATVYV	0.6666666666666666	0.16666666666666666	0.0	0.0	0.16666666666666666
AAVDQT	0.5	0.0	0.0	0.16666666666666666	0.3333333333333333
ACGVIG	0.8333333333333334	0.0	0.0	0.0	0.16666666666666666
ADVGQG	0.6666666666666666	0.0	0.0	0.16666666666666666	0.16666666666666666
ADVSIE	0.5	0.0	0.0	0.3333333333333333	0.16666666666666666
AEKLFD	0.3333333333333333	0.16666666666666666	0.16666666666666666	0.3333333333333333	0.0
AEMEYL	0.5	0.16666666666666666	0.0	0.3333333333333333	0.0
AENGKS	0.3333333333333333	0.0	0.16666666666666666	0.16666666666666666	0.3333333333333333
AESDKK	0.16666666666666666	0.0	0.3333333333333333	0.3333333333333333	0.16666666666666666
AETKEP	0.16666666666666666	0.0	0.16666666666666666	0.3333333333333333	0.3333333333333333
AEVLAL	0.8333333333333334	0.0	0.0	0.16666666666666666	0.0
AEVVFT	0.5	0.16666666666666666	0.0	0.16666666666666666	0.16666666666666666
AFSINP	0.3333333333333333	0.16666666666666666	0.0	0.0	0.5
AGFQPQ	0.3333333333333333	0.16666666666666666	0.0	0.0	0.5
AGGYYQ	0.5	0.3333333333333333	0.0	0.0	0.16666666666666666
AGSGSG	0.6666666666666666	0.0	0.0	0.0	0.3333333333333333
AGVNYF	0.5	0.3333333333333333	0.0	0.0	0.16666666666666666
AGYQQQ	0.3333333333333333	0.16666666666666666	0.0	0.0	0.5
AIDWFD	0.3333333333333333	0.3333333333333333	0.0	0.3333333333333333	0.0
AIGWGS	0.6666666666666666	0.16666666666666666	0.0	0.0	0.16666666666666666
AIIGLM	1.0	0.0	0.0	0.0	0.0
AILSST	0.5	0.0	0.0	0.0	0.5
AINKIQ	0.5	0.0	0.16666666666666666	0.0	0.3333333333333333
AISNNN	0.3333333333333333	0.0	0.0	0.0	0.6666666666666666
AIVAGD	0.8333333333333334	0.0	0.0	0.16666666666666666	0.0
AIVAGS	0.8333333333333334	0.0	0.0	0.0	0.16666666666666666
AIVAGT	0.8333333333333334	0.0	0.0	0.0	0.16666666666666666
ALALQT	0.6666666666666666	0.0	0.0	0.0	0.3333333333333333
ALEEYT	0.3333333333333333	0.16666666666666666	0.0	0.3333333333333333	0.16666666666666666
ALQSSW	0.3333333333333333	0.16666666666666666	0.0	0.0	0.5
ALQTDA	0.5	0.0	0.0	0.16666666666666666	0.3333333333333333
AMMAAA	1.0	0.0	0.0	0.0	0.0
AMNITN	0.5	0.0	0.0	0.0	0.5
ANATKK	0.3333333333333333	0.0	0.3333333333333333	0.0	0.3333333333333333
ANFLVH	0.5	0.16666666666666666	0.16666666666666666	0.0	0.16666666666666666
ANNNSN	0.16666666666666666	0.0	0.0	0.0	0.8333333333333334
ANNYSS	0.16666666666666666	0.16666666666666666	0.0	0.0	0.6666666666666666
APKPKK	0.16666666666666666	0.0	0.5	0.0	0.3333333333333333
AQAALQ	0.6666666666666666	0.0	0.0	0.0	0.3333333333333333
AQAQPA	0.5	0.0	0.0	0.0	0.5
AQFIIS	0.5	0.16666666666666666	0.0	0.0	0.3333333333333333
AQIVYK	0.5	0.16666666666666666	0.16666666666666666	0.0	0.16666666666666666
AQPAGG	0.6666666666666666	0.0	0.0	0.0	0.3333333333333333
ASNAGS	0.5	0.0	0.0	0.0	0.5
ASQQNQ	0.16666666666666666	0.0	0.0	0.0	0.8333333333333334
ASRQNQ	0.16666666666666666	0.0	0.16666666666666666	0.0	0.6666666666666666
ASSSNY	0.16666666666666666	0.16666666666666666	0.0	0.0	0.6666666666666666
ATAHQY	0.3333333333333333	0.16666666666666666	0.16666666666666666	0.0	0.3333333333333333
ATKKVD	0.3333333333333333	0.0	0.3333333333333333	0.16666666666666666	0.16666666666666666
ATLDQW	0.3333333333333333	0.16666666666666666	0.0	0.16666666666666666	0.3333333333333333
ATTRTV	0.3333333333333333	0.0	0.16666666666666666	0.0	0.5
ATVIIE	0.6666666666666666	0.0	0.0	0.16666666666666666	0.16666666666666666
ATVQAF	0.5	0.16666666666666666	0.0	0.0	0.3333333333333333
ATVSFD	0.3333333333333333	0.16666666666666666	0.0	0.16666666666666666	0.3333333333333333
AVDQTA	0.5	0.0	0.0	0.16666666666666666	0.3333333333333333
AVFIIY	0.6666666666666666	0.3333333333333333	0.0	0.0	0.0
AVTTGV	0.6666666666666666	0.0	0.0	0.0	0.3333333333333333
AYNAQA	0.5	0.16666666666666666	0.0	0.0	0.3333333333333333
CATVYV	0.5	0.16666666666666666	0.0	0.0	0.3333333333333333
CGVIGI	0.8333333333333334	0.0	0.0	0.0	0.16666666666666666
CILFWG	0.5	0.3333333333333333	0.0	0.0	0.16666666666666666
CPSGNN	0.16666666666666666	0.0	0.0	0.0	0.8333333333333334
CQIVYK	0.3333333333333333	0.16666666666666666	0.16666666666666666	0.0	0.3333333333333333
CTIYWG	0.3333333333333333	0.3333333333333333	0.0	0.0	0.3333333333333333
CTLWWG	0.3333333333333333	0.3333333333333333	0.0	0.0	0.3333333333333333
CTVFIG	0.5	0.16666666666666666	0.0	0.0	0.3333333333333333
CTVWWG	0.3333333333333333	0.3333333333333333	0.0	0.0	0.3333333333333333
DADLYL	0.5	0.16666666666666666	0.0	0.3333333333333333	0.0
DAGYQQ	0.3333333333333333	0.16666666666666666	0.0	0.16666666666666666	0.3333333333333333
DATVYV	0.5	0.16666666666666666	0.0	0.16666666666666666	0.16666666666666666
DCVNIT	0.3333333333333333	0.0	0.0	0.16666666666666666	0.5
DDSLFF	0.16666666666666666	0.3333333333333333	0.0	0.3333333333333333	0.16666666666666666
DECFFF	0.0	0.5	0.0	0.3333333333333333	0.16666666666666666
DENNTF	0.0	0.16666666666666666	0.0	0.3333333333333333	0.5
DETVIV	0.5	0.0	0.0	0.3333333333333333	0.16666666666666666
DFNKFH	0.0	0.3333333333333333	0.3333333333333333	0.16666666666666666	0.16666666666666666
DFQKQQ	0.0	0.16666666666666666	0.16666666666666666	0.16666666666666666	0.5
DHCIIG	0.5	0.0	0.16666666666666666	0.16666666666666666	0.16666666666666666
DHCIIW	0.3333333333333333	0.16666666666666666	0.16666666666666666	0.16666666666666666	0.16666666666666666
DIDLHL	0.5	0.0	0.16666666666666666	0.3333333333333333	0.0
DIEVDL	0.5	0.0	0.0	0.5	0.0
DILTYT	0.3333333333333333	0.16666666666666666	0.0	0.16666666666666666	0.3333333333333333
DKKEEE	0.0	0.0	0.3333333333333333	0.6666666666666666	0.0
DLLKNG	0.5	0.0	0.16666666666666666	0.16666666666666666	0.16666666666666666
DLTITQ	0.3333333333333333	0.0	0.0	0.16666666666666666	0.5
DLTQRG	0.3333333333333333	0.0	0.16666666666666666	0.16666666666666666	0.3333333333333333
DNNTIF	0.16666666666666666	0.16666666666666666	0.0	0.16666666666666666	0.5
DQIVYK	0.3333333333333333	0.16666666666666666	0.16666666666666666	0.16666666666666666	0.16666666666666666
DQTASN	0.16666666666666666	0.0	0.0	0.16666666666666666	0.6666666666666666
DQWNGK	0.16666666666666666	0.16666666666666666	0.16666666666666666	0.16666666666666666	0.3333333333333333
DSNQGN	0.16666666666666666	0.0	0.0	0.16666666666666666	0.6666666666666666
DSVISL	0.5	0.0	0.0	0.16666666666666666	0.3333333333333333
DTKPAE	0.16666666666666666	0.0	0.16666666666666666	0.3333333333333333	0.3333333333333333
DTVIIE	0.5	0.0	0.0	0.3333333333333333	0.16666666666666666
DVGQGS	0.5	0.0	0.0	0.16666666666666666	0.3333333333333333
DVNRNG	0.3333333333333333	0.0	0.16666666666666666	0.16666666666666666	0.3333333333333333
DVSIED	0.3333333333333333	0.0	0.0	0.5	0.16666666666666666
EALYLV	0.6666666666666666	0.16666666666666666	0.0	0.16666666666666666	0.0
EATVSF	0.3333333333333333	0.16666666666666666	0.0	0.16666666666666666	0.3333333333333333
EATVYV	0.5	0.16666666666666666	0.0	0.16666666666666666	0.16666666666666666
ECFFFE	0.0	0.5	0.0	0.3333333333333333	0.16666666666666666
EDSVIS	0.3333333333333333	0.0	0.0	0.3333333333333333	0.3333333333333333
EECLFL	0.3333333333333333	0.16666666666666666	0.0	0.3333333333333333	0.16666666666666666
EEEKSA	0.16666666666666666	0.0	0.16666666666666666	0.5	0.16666666666666666
EEKKEE	0.0	0.0	0.3333333333333333	0.6666666666666666	0.0
EEKPVQ	0.16666666666666666	0.0	0.16666666666666666	0.3333333333333333	0.3333333333333333
EEKSAE	0.16666666666666666	0.0	0.16666666666666666	0.5	0.16666666666666666
EEKSEL	0.16666666666666666	0.0	0.16666666666666666	0.5	0.16666666666666666
EEPVKK	0.16666666666666666	0.0	0.3333333333333333	0.3333333333333333	0.16666666666666666
EGVLYV	0.6666666666666666	0.16666666666666666	0.0	0.16666666666666666	0.0
EHSDLS	0.16666666666666666	0.0	0.16666666666666666	0.3333333333333333	0.3333333333333333
EKDEYA	0.16666666666666666	0.16666666666666666	0.16666666666666666	0.5	0.0
EKKEEK	0.0	0.0	0.5	0.5	0.0
EKNLYL	0.3333333333333333	0.16666666666666666	0.16666666666666666	0.16666666666666666	0.16666666666666666
EKPVQT	0.16666666666666666	0.0	0.16666666666666666	0.16666666666666666	0.5
EKSAET	0.16666666666666666	0.0	0.16666666666666666	0.3333333333333333	0.3333333333333333
EKSELP	0.16666666666666666	0.0	0.16666666666666666	0.3333333333333333	0.3333333333333333
ELNIYQ	0.3333333333333333	0.16666666666666666	0.0	0.16666666666666666	0.3333333333333333
ELPKVE	0.3333333333333333	0.0	0.16666666666666666	0.3333333333333333	0.16666666666666666
EMTVKQ	0.3333333333333333	0.0	0.16666666666666666	0.16666666666666666	0.3333333333333333
EPTKVE	0.16666666666666666	0.0	0.16666666666666666	0.3333333333333333	0.3333333333333333
EPTREP	0.0	0.0	0.16666666666666666	0.3333333333333333	0.5
EPVKKE	0.16666666666666666	0.0	0.3333333333333333	0.3333333333333333	0.16666666666666666
EQIVYK	0.3333333333333333	0.16666666666666666	0.16666666666666666	0.16666666666666666	0.16666666666666666
ERGFFY	0.16666666666666666	0.5	0.16666666666666666	0.16666666666666666	0.0
ERIEKV	0.3333333333333333	0.0	0.3333333333333333	0.3333333333333333	0.0
ESDKKE	0.0	0.0	0.3333333333333333	0.5	0.16666666666666666
ESNTNN	0.0	0.0	0.0	0.16666666666666666	0.8333333333333334
ETKEPT	0.0	0.0	0.16666666666666666	0.3333333333333333	0.5
ETVIIE	0.5	0.0	0.0	0.3333333333333333	0.16666666666666666
ETVIVI	0.6666666666666666	0.0	0.0	0.16666666666666666	0.16666666666666666
ETWFFG	0.16666666666666666	0.5	0.0	0.16666666666666666	0.16666666666666666
EVDLLK	0.5	0.0	0.16666666666666666	0.3333333333333333	0.0
EVTTGV	0.5	0.0	0.0	0.16666666666666666	0.3333333333333333
EYLKIA	0.5	0.16666666666666666	0.16666666666666666	0.16666666666666666	0.0
EYSNFS	0.0	0.3333333333333333	0.0	0.16666666666666666	0.5
FAIRHF	0.3333333333333333	0.3333333333333333	0.3333333333333333	0.0	0.0
FATVYV	0.5	0.3333333333333333	0.0	0.0	0.16666666666666666
FERQHM	0.16666666666666666	0.16666666666666666	0.3333333333333333	0.16666666666666666	0.16666666666666666
FESNFN	0.0	0.3333333333333333	0.0	0.16666666666666666	0.5
FFNLNN	0.16666666666666666	0.3333333333333333	0.0	0.0	0.5
FFWRFM	0.16666666666666666	0.6666666666666666	0.16666666666666666	0.0	0.0
FFYTPK	0.0	0.5	0.16666666666666666	0.0	0.3333333333333333
FGAFSI	0.5	0.3333333333333333	0.0	0.0	0.16666666666666666
FGELFE	0.3333333333333333	0.3333333333333333	0.0	0.3333333333333333	0.0
FGGGNG	0.6666666666666666	0.16666666666666666	0.0	0.0	0.16666666666666666
FGNNAT	0.3333333333333333	0.16666666666666666	0.0	0.0	0.5
FGNQSG	0.3333333333333333	0.16666666666666666	0.0	0.0	0.5
FGNSAT	0.3333333333333333	0.16666666666666666	0.0	0.0	0.5
FGNSRG	0.3333333333333333	0.16666666666666666	0.16666666666666666	0.0	0.3333333333333333
FGTFSI	0.3333333333333333	0.3333333333333333	0.0	0.0	0.3333333333333333
FHPSDI	0.16666666666666666	0.16666666666666666	0.16666666666666666	0.16666666666666666	0.3333333333333333
FINYTN	0.16666666666666666	0.3333333333333333	0.0	0.0	0.5
FIVNIV	0.6666666666666666	0.16666666666666666	0.0	0.0	0.16666666666666666
FKQIGI	0.5	0.16666666666666666	0.16666666666666666	0.0	0.16666666666666666
FLKYFT	0.16666666666666666	0.5	0.16666666666666666	0.0	0.16666666666666666
FLVHSS	0.3333333333333333	0.16666666666666666	0.16666666666666666	0.0	0.3333333333333333
FMFFII	0.5	0.5	0.0	0.0	0.0
FMFNDL	0.3333333333333333	0.3333333333333333	0.0	0.16666666666666666	0.16666666666666666
FMSNDL	0.3333333333333333	0.16666666666666666	0.0	0.16666666666666666	0.3333333333333333
FNKFGG	0.3333333333333333	0.3333333333333333	0.16666666666666666	0.0	0.16666666666666666
FNPQGG	0.3333333333333333	0.16666666666666666	0.0	0.0	0.5
FNYNNN	0.0	0.3333333333333333	0.0	0.0	0.6666666666666666
FQIVYK	0.3333333333333333	0.3333333333333333	0.16666666666666666	0.0	0.16666666666666666
FQKQQK	0.0	0.16666666666666666	0.3333333333333333	0.0	0.5
FQPQSQ	0.0	0.16666666666666666	0.0	0.0	0.8333333333333334
FSINPA	0.3333333333333333	0.16666666666666666	0.0	0.0	0.5
FSKDWS	0.0	0.3333333333333333	0.16666666666666666	0.16666666666666666	0.3333333333333333
FSNATN	0.16666666666666666	0.16666666666666666	0.0	0.0	0.6666666666666666
FTFIQF	0.16666666666666666	0.5	0.0	0.0	0.3333333333333333
FTPTEK	0.0	0.16666666666666666	0.16666666666666666	0.16666666666666666	0.5
FTVIIE	0.5	0.16666666666666666	0.0	0.16666666666666666	0.16666666666666666
FVFYIF	0.3333333333333333	0.6666666666666666	0.0	0.0	0.0
FVNQHL	0.3333333333333333	0.16666666666666666	0.16666666666666666	0.0	0.3333333333333333
FYLLYY	0.3333333333333333	0.6666666666666666	0.0	0.0	0.0
FYTPKT	0.0	0.3333333333333333	0.16666666666666666	0.0	0.5
GAAIGW	0.8333333333333334	0.16666666666666666	0.0	0.0	0.0
GAAVDQ	0.6666666666666666	0.0	0.0	0.16666666666666666	0.16666666666666666
GADVGQ	0.6666666666666666	0.0	0.0	0.16666666666666666	0.16666666666666666
GAFSIN	0.5	0.16666666666666666	0.0	0.0	0.3333333333333333
GAIIGL	1.0	0.0	0.0	0.0	0.0
GAILSS	0.6666666666666666	0.0	0.0	0.0	0.3333333333333333
GAITIG	0.8333333333333334	0.0	0.0	0.0	0.16666666666666666
GATVYV	0.6666666666666666	0.16666666666666666	0.0	0.0	0.16666666666666666
GDCFIL	0.5	0.16666666666666666	0.0	0.16666666666666666	0.16666666666666666
GDHCII	0.5	0.0	0.16666666666666666	0.16666666666666666	0.16666666666666666
GDVIEV	0.6666666666666666	0.0	0.0	0.3333333333333333	0.0
GEATVS	0.5	0.0	0.0	0.16666666666666666	0.3333333333333333
GELAVA	0.8333333333333334	0.0	0.0	0.16666666666666666	0.0
GERGFF	0.3333333333333333	0.3333333333333333	0.16666666666666666	0.16666666666666666	0.0
GEWTYD	0.16666666666666666	0.3333333333333333	0.0	0.3333333333333333	0.16666666666666666
GFFNLQ	0.3333333333333333	0.3333333333333333	0.0	0.0	0.3333333333333333
GFFQQQ	0.16666666666666666	0.3333333333333333	0.0	0.0	0.5
GFFYTP	0.16666666666666666	0.5	0.0	0.0	0.3333333333333333
GFGNNA	0.5	0.16666666666666666	0.0	0.0	0.3333333333333333
GFGNQS	0.3333333333333333	0.16666666666666666	0.0	0.0	0.5
GFGNSA	0.5	0.16666666666666666	0.0	0.0	0.3333333333333333
GFGNSR	0.3333333333333333	0.16666666666666666	0.16666666666666666	0.0	0.3333333333333333
GFNKFG	0.3333333333333333	0.3333333333333333	0.16666666666666666	0.0	0.16666666666666666
GFNNSA	0.3333333333333333	0.16666666666666666	0.0	0.0	0.5
GFNNTP	0.16666666666666666	0.16666666666666666	0.0	0.0	0.6666666666666666
GFPGSF	0.3333333333333333	0.3333333333333333	0.0	0.0	0.3333333333333333
GFQPQS	0.16666666666666666	0.16666666666666666	0.0	0.0	0.6666666666666666
GFSGSF	0.3333333333333333	0.3333333333333333	0.0	0.0	0.3333333333333333
GFSNNN	0.16666666666666666	0.16666666666666666	0.0	0.0	0.6666666666666666
GGFGNQ	0.5	0.16666666666666666	0.0	0.0	0.3333333333333333
GGFNKF	0.3333333333333333	0.3333333333333333	0.16666666666666666	0.0	0.16666666666666666
GGGGNH	0.6666666666666666	0.0	0.16666666666666666	0.0	0.16666666666666666
GGGGNN	0.6666666666666666	0.0	0.0	0.0	0.3333333333333333
GGGMNF	0.6666666666666666	0.16666666666666666	0.0	0.0	0.16666666666666666
GGGNGA	0.8333333333333334	0.0	0.0	0.0	0.16666666666666666
GGGNHG	0.6666666666666666	0.0	0.16666666666666666	0.0	0.16666666666666666
GGGNNS	0.5	0.0	0.0	0.0	0.5
GGGNSA	0.6666666666666666	0.0	0.0	0.0	0.3333333333333333
GGMNFG	0.6666666666666666	0.16666666666666666	0.0	0.0	0.16666666666666666
GGNGAA	0.8333333333333334	0.0	0.0	0.0	0.16666666666666666
GGNGAD	0.6666666666666666	0.0	0.0	0.16666666666666666	0.16666666666666666
GGNHGG	0.6666666666666666	0.0	0.16666666666666666	0.0	0.16666666666666666
GGNNSG	0.5	0.0	0.0	0.0	0.5
GGNSAL	0.6666666666666666	0.0	0.0	0.0	0.3333333333333333
GGQQQS	0.3333333333333333	0.0	0.0	0.0	0.6666666666666666
GGRGNY	0.5	0.16666666666666666	0.16666666666666666	0.0	0.16666666666666666
GGVLVN	0.8333333333333334	0.0	0.0	0.0	0.16666666666666666
GGVVIA	1.0	0.0	0.0	0.0	0.0
GGYLLG	0.8333333333333334	0.16666666666666666	0.0	0.0	0.0
GGYMLG	0.8333333333333334	0.16666666666666666	0.0	0.0	0.0
GGYQQQ	0.3333333333333333	0.16666666666666666	0.0	0.0	0.5
GGYQQY	0.3333333333333333	0.3333333333333333	0.0	0.0	0.3333333333333333
GGYVLG	0.8333333333333334	0.16666666666666666	0.0	0.0	0.0
GGYYQN	0.3333333333333333	0.3333333333333333	0.0	0.0	0.3333333333333333
GIFNIK	0.5	0.16666666666666666	0.16666666666666666	0.0	0.16666666666666666
GIIKTN	0.5	0.0	0.16666666666666666	0.0	0.3333333333333333
GIKLAN	0.6666666666666666	0.0	0.16666666666666666	0.0	0.16666666666666666
GIVIVA	1.0	0.0	0.0	0.0	0.0
GKQAYQ	0.3333333333333333	0.16666666666666666	0.16666666666666666	0.0	0.3333333333333333
GKQGYQ	0.3333333333333333	0.16666666666666666	0.16666666666666666	0.0	0.3333333333333333
GLCYFN	0.3333333333333333	0.3333333333333333	0.0	0.0	0.3333333333333333
GLFINM	0.6666666666666666	0.16666666666666666	0.0	0.0	0.16666666666666666
GLLLWQ	0.6666666666666666	0.16666666666666666	0.0	0.0	0.16666666666666666
GLSIFV	0.6666666666666666	0.16666666666666666	0.0	0.0	0.16666666666666666
GMFNIQ	0.5	0.16666666666666666	0.0	0.0	0.3333333333333333
GMLASQ	0.6666666666666666	0.0	0.0	0.0	0.3333333333333333
GMLASR	0.6666666666666666	0.0	0.16666666666666666	0.0	0.16666666666666666
GMMGML	1.0	0.0	0.0	0.0	0.0
GMNFGA	0.6666666666666666	0.16666666666666666	0.0	0.0	0.16666666666666666
GMNFGT	0.5	0.16666666666666666	0.0	0.0	0.3333333333333333
GMSLND	0.5	0.0	0.0	0.16666666666666666	0.3333333333333333
GNCFIL	0.5	0.16666666666666666	0.0	0.0	0.3333333333333333
GNFNNL	0.3333333333333333	0.16666666666666666	0.0	0.0	0.5
GNGAAV	0.8333333333333334	0.0	0.0	0.0	0.16666666666666666
GNGADV	0.6666666666666666	0.0	0.0	0.16666666666666666	0.16666666666666666
GNHGGG	0.6666666666666666	0.0	0.16666666666666666	0.0	0.16666666666666666
GNNATA	0.5	0.0	0.0	0.0	0.5
GNNQQN	0.16666666666666666	0.0	0.0	0.0	0.8333333333333334
GNNRYQ	0.16666666666666666	0.16666666666666666	0.16666666666666666	0.0	0.5
GNNSGP	0.3333333333333333	0.0	0.0	0.0	0.6666666666666666
GNNSYS	0.16666666666666666	0.16666666666666666	0.0	0.0	0.6666666666666666
GNQQQG	0.3333333333333333	0.0	0.0	0.0	0.6666666666666666
GNQSGF	0.3333333333333333	0.16666666666666666	0.0	0.0	0.5
GNSALA	0.6666666666666666	0.0	0.0	0.0	0.3333333333333333
GNSATL	0.5	0.0	0.0	0.0	0.5
GNTCVN	0.3333333333333333	0.0	0.0	0.0	0.6666666666666666
GNVAVA	0.8333333333333334	0.0	0.0	0.0	0.16666666666666666
GNVCIN	0.5	0.0	0.0	0.0	0.5
GNYKNF	0.16666666666666666	0.3333333333333333	0.16666666666666666	0.0	0.3333333333333333
GQGSDD	0.3333333333333333	0.0	0.0	0.3333333333333333	0.3333333333333333
GQIVYK	0.5	0.16666666666666666	0.16666666666666666	0.0	0.16666666666666666
GQNNTQ	0.16666666666666666	0.0	0.0	0.0	0.8333333333333334
GQQNQY	0.16666666666666666	0.16666666666666666	0.0	0.0	0.6666666666666666
GQQQSY	0.16666666666666666	0.16666666666666666	0.0	0.0	0.6666666666666666
GQQSYS	0.16666666666666666	0.16666666666666666	0.0	0.0	0.6666666666666666
GQSSYS	0.16666666666666666	0.16666666666666666	0.0	0.0	0.6666666666666666
GRGNYK	0.3333333333333333	0.16666666666666666	0.3333333333333333	0.0	0.16666666666666666
GRIGIA	0.8333333333333334	0.0	0.16666666666666666	0.0	0.0
GSASNA	0.5	0.0	0.0	0.0	0.5
GSGFNG	0.5	0.16666666666666666	0.0	0.0	0.3333333333333333
GSGSGF	0.5	0.16666666666666666	0.0	0.0	0.3333333333333333
GSHLVE	0.5	0.0	0.16666666666666666	0.16666666666666666	0.16666666666666666
GSIAAT	0.6666666666666666	0.0	0.0	0.0	0.3333333333333333
GSNNTF	0.16666666666666666	0.16666666666666666	0.0	0.0	0.6666666666666666
GSNSGA	0.5	0.0	0.0	0.0	0.5
GTFFIN	0.3333333333333333	0.3333333333333333	0.0	0.0	0.3333333333333333
GTFFIT	0.3333333333333333	0.3333333333333333	0.0	0.0	0.3333333333333333
GTFFQE	0.16666666666666666	0.3333333333333333	0.0	0.16666666666666666	0.3333333333333333
GTFNII	0.5	0.16666666666666666	0.0	0.0	0.3333333333333333
GTFSIN	0.3333333333333333	0.16666666666666666	0.0	0.0	0.5
GTLFWG	0.5	0.3333333333333333	0.0	0.0	0.16666666666666666
GTLVFM	0.6666666666666666	0.16666666666666666	0.0	0.0	0.16666666666666666
GTVIIE	0.6666666666666666	0.0	0.0	0.16666666666666666	0.16666666666666666
GTVLFM	0.6666666666666666	0.16666666666666666	0.0	0.0	0.16666666666666666
GTVWWG	0.5	0.3333333333333333	0.0	0.0	0.16666666666666666
GVATVA	0.8333333333333334	0.0	0.0	0.0	0.16666666666666666
GVFNNQ	0.3333333333333333	0.16666666666666666	0.0	0.0	0.5
GVIGIA	1.0	0.0	0.0	0.0	0.0
GVIWIA	0.8333333333333334	0.16666666666666666	0.0	0.0	0.0
GVNNNN	0.3333333333333333	0.0	0.0	0.0	0.6666666666666666
GVNYFL	0.5	0.3333333333333333	0.0	0.0	0.16666666666666666
GVPGIA	0.8333333333333334	0.0	0.0	0.0	0.16666666666666666
GVQVGD	0.6666666666666666	0.0	0.0	0.16666666666666666	0.16666666666666666
GVTIIT	0.6666666666666666	0.0	0.0	0.0	0.3333333333333333
GVVPQY	0.5	0.16666666666666666	0.0	0.0	0.3333333333333333
GVVTSE	0.5	0.0	0.0	0.16666666666666666	0.3333333333333333
GVVVVT	0.8333333333333334	0.0	0.0	0.0	0.16666666666666666
GVWWFF	0.3333333333333333	0.6666666666666666	0.0	0.0	0.0
GWGSAS	0.5	0.16666666666666666	0.0	0.0	0.3333333333333333
GYCFIL	0.5	0.3333333333333333	0.0	0.0	0.16666666666666666
GYFILQ	0.5	0.3333333333333333	0.0	0.0	0.16666666666666666
GYFLNF	0.3333333333333333	0.5	0.0	0.0	0.16666666666666666
GYFLNM	0.5	0.3333333333333333	0.0	0.0	0.16666666666666666
GYGQSS	0.3333333333333333	0.16666666666666666	0.0	0.0	0.5
GYMLGS	0.6666666666666666	0.16666666666666666	0.0	0.0	0.16666666666666666
GYQAGF	0.5	0.3333333333333333	0.0	0.0	0.16666666666666666
GYQAYN	0.3333333333333333	0.3333333333333333	0.0	0.0	0.3333333333333333
GYQQGG	0.5	0.16666666666666666	0.0	0.0	0.3333333333333333
GYQQQF	0.16666666666666666	0.3333333333333333	0.0	0.0	0.5
GYQQQY	0.16666666666666666	0.3333333333333333	0.0	0.0	0.5
GYQQYN	0.16666666666666666	0.3333333333333333	0.0	0.0	0.5
GYSGYQ	0.3333333333333333	0.3333333333333333	0.0	0.0	0.3333333333333333
GYVIIK	0.6666666666666666	0.16666666666666666	0.16666666666666666	0.0	0.0
GYVLGS	0.6666666666666666	0.16666666666666666	0.0	0.0	0.16666666666666666
GYYQNY	0.16666666666666666	0.5	0.0	0.0	0.3333333333333333
HAFLII	0.6666666666666666	0.16666666666666666	0.16666666666666666	0.0	0.0
HATVYV	0.5	0.16666666666666666	0.16666666666666666	0.0	0.16666666666666666
HFVWIA	0.5	0.3333333333333333	0.16666666666666666	0.0	0.0
HGFNQQ	0.16666666666666666	0.16666666666666666	0.16666666666666666	0.0	0.5
HGGGGN	0.6666666666666666	0.0	0.16666666666666666	0.0	0.16666666666666666
HGGGNG	0.6666666666666666	0.0	0.16666666666666666	0.0	0.16666666666666666
HGWLIM	0.6666666666666666	0.16666666666666666	0.16666666666666666	0.0	0.0
HICNFF	0.16666666666666666	0.3333333333333333	0.16666666666666666	0.0	0.3333333333333333
HIFIIM	0.6666666666666666	0.16666666666666666	0.16666666666666666	0.0	0.0
HIFLLC	0.5	0.16666666666666666	0.16666666666666666	0.0	0.16666666666666666
HKALFW	0.3333333333333333	0.3333333333333333	0.3333333333333333	0.0	0.0
HLFNLT	0.3333333333333333	0.16666666666666666	0.16666666666666666	0.0	0.3333333333333333
HLVEAL	0.6666666666666666	0.0	0.16666666666666666	0.16666666666666666	0.0
HLVYIM	0.6666666666666666	0.16666666666666666	0.16666666666666666	0.0	0.0
HNNNNN	0.0	0.0	0.16666666666666666	0.0	0.8333333333333334
HNNNSQ	0.0	0.0	0.16666666666666666	0.0	0.8333333333333334
HNSVNF	0.16666666666666666	0.16666666666666666	0.16666666666666666	0.0	0.5
HNTNNA	0.16666666666666666	0.0	0.16666666666666666	0.0	0.6666666666666666
HPAENG	0.3333333333333333	0.0	0.16666666666666666	0.16666666666666666	0.3333333333333333
HQFNLN	0.16666666666666666	0.16666666666666666	0.16666666666666666	0.0	0.5
HQIVYK	0.3333333333333333	0.16666666666666666	0.3333333333333333	0.0	0.16666666666666666
HQLIIM	0.6666666666666666	0.0	0.16666666666666666	0.0	0.16666666666666666
HSSNNF	0.0	0.16666666666666666	0.16666666666666666	0.0	0.6666666666666666
HTAVTT	0.3333333333333333	0.0	0.16666666666666666	0.0	0.5
HTFNLL	0.3333333333333333	0.16666666666666666	0.16666666666666666	0.0	0.3333333333333333
HTVIIE	0.5	0.0	0.16666666666666666	0.16666666666666666	0.16666666666666666
HWQNFA	0.16666666666666666	0.3333333333333333	0.16666666666666666	0.0	0.3333333333333333
HWRNFA	0.16666666666666666	0.3333333333333333	0.3333333333333333	0.0	0.16666666666666666
HYFNIF	0.16666666666666666	0.5	0.16666666666666666	0.0	0.16666666666666666
IATVYV	0.6666666666666666	0.16666666666666666	0.0	0.0	0.16666666666666666
ICSLYQ	0.3333333333333333	0.16666666666666666	0.0	0.0	0.5
IDLTQR	0.3333333333333333	0.0	0.16666666666666666	0.16666666666666666	0.3333333333333333
IEDSVI	0.5	0.0	0.0	0.3333333333333333	0.16666666666666666
IEKVEH	0.3333333333333333	0.0	0.3333333333333333	0.3333333333333333	0.0
IEMIFV	0.6666666666666666	0.16666666666666666	0.0	0.16666666666666666	0.0
IFDFIQ	0.3333333333333333	0.3333333333333333	0.0	0.16666666666666666	0.16666666666666666
IFNYNN	0.16666666666666666	0.3333333333333333	0.0	0.0	0.5
IFQINS	0.3333333333333333	0.16666666666666666	0.0	0.0	0.5
IGIIKT	0.6666666666666666	0.0	0.16666666666666666	0.0	0.16666666666666666
IGNNSI	0.5	0.0	0.0	0.0	0.5
IGRTLV	0.6666666666666666	0.0	0.16666666666666666	0.0	0.16666666666666666
IGRTLW	0.5	0.16666666666666666	0.16666666666666666	0.0	0.16666666666666666
IGWGSA	0.6666666666666666	0.16666666666666666	0.0	0.0	0.16666666666666666
IHKAQN	0.3333333333333333	0.0	0.3333333333333333	0.0	0.3333333333333333
IIHFGS	0.5	0.16666666666666666	0.16666666666666666	0.0	0.16666666666666666
IINFEQ	0.3333333333333333	0.16666666666666666	0.0	0.16666666666666666	0.3333333333333333
IINFIT	0.5	0.16666666666666666	0.0	0.0	0.3333333333333333
IIPFEQ	0.3333333333333333	0.16666666666666666	0.0	0.16666666666666666	0.3333333333333333
IITVTN	0.5	0.0	0.0	0.0	0.5
IKLANA	0.6666666666666666	0.0	0.16666666666666666	0.0	0.16666666666666666
ILENIS	0.5	0.0	0.0	0.16666666666666666	0.3333333333333333
ILGSNN	0.5	0.0	0.0	0.0	0.5
ILQINS	0.5	0.0	0.0	0.0	0.5
ILVAGD	0.8333333333333334	0.0	0.0	0.16666666666666666	0.0
ILVAGS	0.8333333333333334	0.0	0.0	0.0	0.16666666666666666
INLYTD	0.3333333333333333	0.16666666666666666	0.0	0.16666666666666666	0.3333333333333333
INNMTN	0.3333333333333333	0.0	0.0	0.0	0.6666666666666666
INNVSN	0.3333333333333333	0.0	0.0	0.0	0.6666666666666666
INPAMM	0.6666666666666666	0.0	0.0	0.0	0.3333333333333333
IQIMIW	0.6666666666666666	0.16666666666666666	0.0	0.0	0.16666666666666666
IQIVYK	0.5	0.16666666666666666	0.16666666666666666	0.0	0.16666666666666666
IQNNSN	0.16666666666666666	0.0	0.0	0.0	0.8333333333333334
IQRTPK	0.16666666666666666	0.0	0.3333333333333333	0.0	0.5
IQVYSR	0.3333333333333333	0.16666666666666666	0.16666666666666666	0.0	0.3333333333333333
ISFLIF	0.5	0.3333333333333333	0.0	0.0	0.16666666666666666
ISLSGD	0.5	0.0	0.0	0.16666666666666666	0.3333333333333333
ISMTTS	0.3333333333333333	0.0	0.0	0.0	0.6666666666666666
ITLFWG	0.5	0.3333333333333333	0.0	0.0	0.16666666666666666
ITQHGG	0.5	0.0	0.16666666666666666	0.0	0.3333333333333333
ITVIIE	0.6666666666666666	0.0	0.0	0.16666666666666666	0.16666666666666666
ITVTND	0.3333333333333333	0.0	0.0	0.16666666666666666	0.5
IVATTR	0.5	0.0	0.16666666666666666	0.0	0.3333333333333333
IVIRTP	0.5	0.0	0.16666666666666666	0.0	0.3333333333333333
IVIVAT	0.8333333333333334	0.0	0.0	0.0	0.16666666666666666
IVYSCE	0.3333333333333333	0.16666666666666666	0.0	0.16666666666666666	0.3333333333333333
IVYSWE	0.3333333333333333	0.3333333333333333	0.0	0.16666666666666666	0.16666666666666666
IYFNVQ	0.3333333333333333	0.3333333333333333	0.0	0.0	0.3333333333333333
IYQYGG	0.5	0.3333333333333333	0.0	0.0	0.16666666666666666
KAAIDW	0.5	0.16666666666666666	0.16666666666666666	0.16666666666666666	0.0
KAFIIQ	0.5	0.16666666666666666	0.16666666666666666	0.0	0.16666666666666666
KAILFL	0.6666666666666666	0.16666666666666666	0.16666666666666666	0.0	0.0
KAKEGV	0.5	0.0	0.3333333333333333	0.16666666666666666	0.0
KATVYV	0.5	0.16666666666666666	0.16666666666666666	0.0	0.16666666666666666
KCLNYL	0.3333333333333333	0.16666666666666666	0.16666666666666666	0.0	0.3333333333333333
KCWCFT	0.0	0.3333333333333333	0.16666666666666666	0.0	0.5
KDWSFY	0.0	0.5	0.16666666666666666	0.16666666666666666	0.16666666666666666
KECLIN	0.3333333333333333	0.0	0.16666666666666666	0.16666666666666666	0.3333333333333333
KEEEKS	0.0	0.0	0.3333333333333333	0.5	0.16666666666666666
KEEKPV	0.16666666666666666	0.0	0.3333333333333333	0.3333333333333333	0.16666666666666666
KEEKSE	0.0	0.0	0.3333333333333333	0.5	0.16666666666666666
KENIIF	0.3333333333333333	0.16666666666666666	0.16666666666666666	0.16666666666666666	0.16666666666666666
KEPTRE	0.0	0.0	0.3333333333333333	0.3333333333333333	0.3333333333333333
KGENFT	0.16666666666666666	0.16666666666666666	0.16666666666666666	0.16666666666666666	0.3333333333333333
KHIIVA	0.6666666666666666	0.0	0.3333333333333333	0.0	0.0
KIVKWD	0.3333333333333333	0.16666666666666666	0.3333333333333333	0.16666666666666666	0.0
KKEEEK	0.0	0.0	0.5	0.5	0.0
KKEEKP	0.0	0.0	0.5	0.3333333333333333	0.16666666666666666
KKEEKS	0.0	0.0	0.5	0.3333333333333333	0.16666666666666666
KKTLKL	0.3333333333333333	0.0	0.5	0.0	0.16666666666666666
KKVDTK	0.16666666666666666	0.0	0.5	0.16666666666666666	0.16666666666666666
KLANAT	0.5	0.0	0.16666666666666666	0.0	0.3333333333333333
KLFIIQ	0.5	0.16666666666666666	0.16666666666666666	0.0	0.16666666666666666
KLFIQF	0.3333333333333333	0.3333333333333333	0.16666666666666666	0.0	0.16666666666666666
KLLEIA	0.6666666666666666	0.0	0.16666666666666666	0.16666666666666666	0.0
KLLIYE	0.5	0.16666666666666666	0.16666666666666666	0.16666666666666666	0.0
KLVFFA	0.5	0.3333333333333333	0.16666666666666666	0.0	0.0
KLVSSS	0.3333333333333333	0.0	0.16666666666666666	0.0	0.5
KMFFIQ	0.3333333333333333	0.3333333333333333	0.16666666666666666	0.0	0.16666666666666666
KNEEGA	0.3333333333333333	0.0	0.16666666666666666	0.3333333333333333	0.16666666666666666
KNFNYN	0.0	0.3333333333333333	0.16666666666666666	0.0	0.5
KPAESD	0.16666666666666666	0.0	0.16666666666666666	0.3333333333333333	0.3333333333333333
KPKKTL	0.16666666666666666	0.0	0.5	0.0	0.3333333333333333
KPVQTE	0.16666666666666666	0.0	0.16666666666666666	0.16666666666666666	0.5
KQAAPK	0.3333333333333333	0.0	0.3333333333333333	0.0	0.3333333333333333
KQFGGG	0.5	0.16666666666666666	0.16666666666666666	0.0	0.16666666666666666
KQIGII	0.6666666666666666	0.0	0.16666666666666666	0.0	0.16666666666666666
KQIVYK	0.3333333333333333	0.16666666666666666	0.3333333333333333	0.0	0.16666666666666666
KQQKQA	0.16666666666666666	0.0	0.3333333333333333	0.0	0.5
KSAETK	0.16666666666666666	0.0	0.3333333333333333	0.16666666666666666	0.3333333333333333
KSELPK	0.16666666666666666	0.0	0.3333333333333333	0.16666666666666666	0.3333333333333333
KSNFLN	0.16666666666666666	0.16666666666666666	0.16666666666666666	0.0	0.5
KTKEGV	0.3333333333333333	0.0	0.3333333333333333	0.16666666666666666	0.16666666666666666
KTKEQV	0.16666666666666666	0.0	0.3333333333333333	0.16666666666666666	0.3333333333333333
KTKQGV	0.3333333333333333	0.0	0.3333333333333333	0.0	0.3333333333333333
KTLKLV	0.5	0.0	0.3333333333333333	0.0	0.16666666666666666
KTVEGA	0.5	0.0	0.16666666666666666	0.16666666666666666	0.16666666666666666
KTVIIE	0.5	0.0	0.16666666666666666	0.16666666666666666	0.16666666666666666
KTVIIT	0.5	0.0	0.16666666666666666	0.0	0.3333333333333333
KTVIVE	0.5	0.0	0.16666666666666666	0.16666666666666666	0.16666666666666666
KTVIYE	0.3333333333333333	0.16666666666666666	0.16666666666666666	0.16666666666666666	0.16666666666666666
KTVLIE	0.5	0.0	0.16666666666666666	0.16666666666666666	0.16666666666666666
KVDTKP	0.16666666666666666	0.0	0.3333333333333333	0.16666666666666666	0.3333333333333333
KVEDLK	0.3333333333333333	0.0	0.3333333333333333	0.3333333333333333	0.0
KVEEPV	0.3333333333333333	0.0	0.16666666666666666	0.3333333333333333	0.16666666666666666
KVEHSD	0.16666666666666666	0.0	0.3333333333333333	0.3333333333333333	0.16666666666666666
KVQIIN	0.5	0.0	0.16666666666666666	0.0	0.3333333333333333
KWDRDM	0.16666666666666666	0.16666666666666666	0.3333333333333333	0.3333333333333333	0.0
KYLNWD	0.16666666666666666	0.3333333333333333	0.16666666666666666	0.16666666666666666	0.16666666666666666
KYNNTG	0.16666666666666666	0.16666666666666666	0.16666666666666666	0.0	0.5
LAAVYV	0.8333333333333334	0.16666666666666666	0.0	0.0	0.0
LACVYV	0.6666666666666666	0.16666666666666666	0.0	0.0	0.16666666666666666
LADVYV	0.6666666666666666	0.16666666666666666	0.0	0.16666666666666666	0.0
LAEAIG	0.8333333333333334	0.0	0.0	0.16666666666666666	0.0
LAEVYV	0.6666666666666666	0.16666666666666666	0.0	0.16666666666666666	0.0
LAFVYV	0.6666666666666666	0.3333333333333333	0.0	0.0	0.0
LAGVYV	0.8333333333333334	0.16666666666666666	0.0	0.0	0.0
LAHVYV	0.6666666666666666	0.16666666666666666	0.16666666666666666	0.0	0.0
LAIVYV	0.8333333333333334	0.16666666666666666	0.0	0.0	0.0
LAKVYV	0.6666666666666666	0.16666666666666666	0.16666666666666666	0.0	0.0
LALQTD	0.5	0.0	0.0	0.16666666666666666	0.3333333333333333
LALVYV	0.8333333333333334	0.16666666666666666	0.0	0.0	0.0
LAMVYV	0.8333333333333334	0.16666666666666666	0.0	0.0	0.0
LANATK	0.5	0.0	0.16666666666666666	0.0	0.3333333333333333
LANFLV	0.6666666666666666	0.16666666666666666	0.0	0.0	0.16666666666666666
LANVYV	0.6666666666666666	0.16666666666666666	0.0	0.0	0.16666666666666666
LAPVYV	0.6666666666666666	0.16666666666666666	0.0	0.0	0.16666666666666666
LAQVYV	0.6666666666666666	0.16666666666666666	0.0	0.0	0.16666666666666666
LARVYV	0.6666666666666666	0.16666666666666666	0.16666666666666666	0.0	0.0
LASQQN	0.3333333333333333	0.0	0.0	0.0	0.6666666666666666
LASRQN	0.3333333333333333	0.0	0.16666666666666666	0.0	0.5
LASVYV	0.6666666666666666	0.16666666666666666	0.0	0.0	0.16666666666666666
LATAYV	0.6666666666666666	0.16666666666666666	0.0	0.0	0.16666666666666666
LATCYV	0.5	0.16666666666666666	0.0	0.0	0.3333333333333333
LATDYV	0.5	0.16666666666666666	0.0	0.16666666666666666	0.16666666666666666
LATEYV	0.5	0.16666666666666666	0.0	0.16666666666666666	0.16666666666666666
LATFYV	0.5	0.3333333333333333	0.0	0.0	0.16666666666666666
LATGYV	0.6666666666666666	0.16666666666666666	0.0	0.0	0.16666666666666666
LATHYV	0.5	0.16666666666666666	0.16666666666666666	0.0	0.16666666666666666
LATIYV	0.6666666666666666	0.16666666666666666	0.0	0.0	0.16666666666666666
LATKYV	0.5	0.16666666666666666	0.16666666666666666	0.0	0.16666666666666666
LATLYV	0.6666666666666666	0.16666666666666666	0.0	0.0	0.16666666666666666
LATMYV	0.6666666666666666	0.16666666666666666	0.0	0.0	0.16666666666666666
LATNYV	0.5	0.16666666666666666	0.0	0.0	0.3333333333333333
LATPYV	0.5	0.16666666666666666	0.0	0.0	0.3333333333333333
LATQYV	0.5	0.16666666666666666	0.0	0.0	0.3333333333333333
LATRYV	0.5	0.16666666666666666	0.16666666666666666	0.0	0.16666666666666666
LATSYV	0.5	0.16666666666666666	0.0	0.0	0.3333333333333333
LATTYV	0.5	0.16666666666666666	0.0	0.0	0.3333333333333333
LATVAV	0.8333333333333334	0.0	0.0	0.0	0.16666666666666666
LATVCV	0.6666666666666666	0.0	0.0	0.0	0.3333333333333333
LATVDV	0.6666666666666666	0.0	0.0	0.16666666666666666	0.16666666666666666
LATVEV	0.6666666666666666	0.0	0.0	0.16666666666666666	0.16666666666666666
LATVFV	0.6666666666666666	0.16666666666666666	0.0	0.0	0.16666666666666666
LATVGV	0.8333333333333334	0.0	0.0	0.0	0.16666666666666666
LATVHV	0.6666666666666666	0.0	0.16666666666666666	0.0	0.16666666666666666
LATVIV	0.8333333333333334	0.0	0.0	0.0	0.16666666666666666
LATVKV	0.6666666666666666	0.0	0.16666666666666666	0.0	0.16666666666666666
LATVLV	0.8333333333333334	0.0	0.0	0.0	0.16666666666666666
LATVMV	0.8333333333333334	0.0	0.0	0.0	0.16666666666666666
LATVNV	0.6666666666666666	0.0	0.0	0.0	0.3333333333333333
LATVPV	0.6666666666666666	0.0	0.0	0.0	0.3333333333333333
LATVQV	0.6666666666666666	0.0	0.0	0.0	0.3333333333333333
LATVRV	0.6666666666666666	0.0	0.16666666666666666	0.0	0.16666666666666666
LATVSV	0.6666666666666666	0.0	0.0	0.0	0.3333333333333333
LATVTV	0.6666666666666666	0.0	0.0	0.0	0.3333333333333333
LATVVV	0.8333333333333334	0.0	0.0	0.0	0.16666666666666666
LATVWV	0.6666666666666666	0.16666666666666666	0.0	0.0	0.16666666666666666
LATVYA	0.6666666666666666	0.16666666666666666	0.0	0.0	0.16666666666666666
LATVYC	0.5	0.16666666666666666	0.0	0.0	0.3333333333333333
LATVYD	0.5	0.16666666666666666	0.0	0.16666666666666666	0.16666666666666666
LATVYE	0.5	0.16666666666666666	0.0	0.16666666666666666	0.16666666666666666
LATVYF	0.5	0.3333333333333333	0.0	0.0	0.16666666666666666
LATVYG	0.6666666666666666	0.16666666666666666	0.0	0.0	0.16666666666666666
LATVYH	0.5	0.16666666666666666	0.16666666666666666	0.0	0.16666666666666666
LATVYI	0.6666666666666666	0.16666666666666666	0.0	0.0	0.16666666666666666
LATVYK	0.5	0.16666666666666666	0.16666666666666666	0.0	0.16666666666666666
LATVYL	0.6666666666666666	0.16666666666666666	0.0	0.0	0.16666666666666666
LATVYM	0.6666666666666666	0.16666666666666666	0.0	0.0	0.16666666666666666
LATVYN	0.5	0.16666666666666666	0.0	0.0	0.3333333333333333
LATVYP	0.5	0.16666666666666666	0.0	0.0	0.3333333333333333
LATVYQ	0.5	0.16666666666666666	0.0	0.0	0.3333333333333333
LATVYR	0.5	0.16666666666666666	0.16666666666666666	0.0	0.16666666666666666
LATVYS	0.5	0.16666666666666666	0.0	0.0	0.3333333333333333
LATVYT	0.5	0.16666666666666666	0.0	0.0	0.3333333333333333
LATVYV	0.6666666666666666	0.16666666666666666	0.0	0.0	0.16666666666666666
LATVYW	0.5	0.3333333333333333	0.0	0.0	0.16666666666666666
LATVYY	0.5	0.3333333333333333	0.0	0.0	0.16666666666666666
LATWYV	0.5	0.3333333333333333	0.0	0.0	0.16666666666666666
LATYYV	0.5	0.3333333333333333	0.0	0.0	0.16666666666666666
LAVAGD	0.8333333333333334	0.0	0.0	0.16666666666666666	0.0
LAVLFL	0.8333333333333334	0.16666666666666666	0.0	0.0	0.0
LAVVYV	0.8333333333333334	0.16666666666666666	0.0	0.0	0.0
LAWVYV	0.6666666666666666	0.3333333333333333	0.0	0.0	0.0
LAYVYV	0.6666666666666666	0.3333333333333333	0.0	0.0	0.0
LCTVYV	0.5	0.16666666666666666	0.0	0.0	0.3333333333333333
LDGFSR	0.3333333333333333	0.16666666666666666	0.16666666666666666	0.16666666666666666	0.16666666666666666
LDGSSR	0.3333333333333333	0.0	0.16666666666666666	0.16666666666666666	0.3333333333333333
LDQWNG	0.3333333333333333	0.16666666666666666	0.0	0.16666666666666666	0.3333333333333333
LDTVYV	0.5	0.16666666666666666	0.0	0.16666666666666666	0.16666666666666666
LEFWLQ	0.3333333333333333	0.3333333333333333	0.0	0.16666666666666666	0.16666666666666666
LETVYV	0.5	0.16666666666666666	0.0	0.16666666666666666	0.16666666666666666
LFMFND	0.3333333333333333	0.3333333333333333	0.0	0.16666666666666666	0.16666666666666666
LFMSND	0.3333333333333333	0.16666666666666666	0.0	0.16666666666666666	0.3333333333333333
LFNNST	0.16666666666666666	0.16666666666666666	0.0	0.0	0.6666666666666666
LFTVYV	0.5	0.3333333333333333	0.0	0.0	0.16666666666666666
LGNNSN	0.3333333333333333	0.0	0.0	0.0	0.6666666666666666
LGTVYV	0.6666666666666666	0.16666666666666666	0.0	0.0	0.16666666666666666
LHTVYV	0.5	0.16666666666666666	0.16666666666666666	0.0	0.16666666666666666
LIAGFN	0.6666666666666666	0.16666666666666666	0.0	0.0	0.16666666666666666
LIFLIV	0.8333333333333334	0.16666666666666666	0.0	0.0	0.0
LINNSV	0.5	0.0	0.0	0.0	0.5
LITVYV	0.6666666666666666	0.16666666666666666	0.0	0.0	0.16666666666666666
LIVAAD	0.8333333333333334	0.0	0.0	0.16666666666666666	0.0
LIVAGD	0.8333333333333334	0.0	0.0	0.16666666666666666	0.0
LIVAGE	0.8333333333333334	0.0	0.0	0.16666666666666666	0.0
LIVAGK	0.8333333333333334	0.0	0.16666666666666666	0.0	0.0
LIVAGS	0.8333333333333334	0.0	0.0	0.0	0.16666666666666666
LIVAGT	0.8333333333333334	0.0	0.0	0.0	0.16666666666666666
LKLVSS	0.5	0.0	0.16666666666666666	0.0	0.3333333333333333
LKNGER	0.3333333333333333	0.0	0.3333333333333333	0.16666666666666666	0.16666666666666666
LKTVYV	0.5	0.16666666666666666	0.16666666666666666	0.0	0.16666666666666666
LKVKVL	0.6666666666666666	0.0	0.3333333333333333	0.0	0.0
LLAVVA	1.0	0.0	0.0	0.0	0.0
LLFCHI	0.5	0.16666666666666666	0.16666666666666666	0.0	0.16666666666666666
LLFYHI	0.5	0.3333333333333333	0.16666666666666666	0.0	0.0
LLGPTI	0.6666666666666666	0.0	0.0	0.0	0.3333333333333333
LLNKTN	0.3333333333333333	0.0	0.16666666666666666	0.0	0.5
LLTVYV	0.6666666666666666	0.16666666666666666	0.0	0.0	0.16666666666666666
LLVPTI	0.6666666666666666	0.0	0.0	0.0	0.3333333333333333
LLYYTE	0.3333333333333333	0.3333333333333333	0.0	0.16666666666666666	0.16666666666666666
LMNTTN	0.3333333333333333	0.0	0.0	0.0	0.6666666666666666
LMSLFG	0.6666666666666666	0.16666666666666666	0.0	0.0	0.16666666666666666
LMTVYV	0.6666666666666666	0.16666666666666666	0.0	0.0	0.16666666666666666
LNDFQK	0.16666666666666666	0.16666666666666666	0.16666666666666666	0.16666666666666666	0.3333333333333333
LNIYQY	0.3333333333333333	0.3333333333333333	0.0	0.0	0.3333333333333333
LNNITA	0.5	0.0	0.0	0.0	0.5
LNTVYV	0.5	0.16666666666666666	0.0	0.0	0.3333333333333333
LPKVED	0.3333333333333333	0.0	0.16666666666666666	0.3333333333333333	0.16666666666666666
LPTVYV	0.5	0.16666666666666666	0.0	0.0	0.3333333333333333
LQGYQA	0.5	0.16666666666666666	0.0	0.0	0.3333333333333333
LQIVYK	0.5	0.16666666666666666	0.16666666666666666	0.0	0.16666666666666666
LQNVSN	0.3333333333333333	0.0	0.0	0.0	0.6666666666666666
LQSSWG	0.3333333333333333	0.16666666666666666	0.0	0.0	0.5
LQTDAR	0.3333333333333333	0.0	0.16666666666666666	0.16666666666666666	0.3333333333333333
LQTVYV	0.5	0.16666666666666666	0.0	0.0	0.3333333333333333
LRTVYV	0.5	0.16666666666666666	0.16666666666666666	0.0	0.16666666666666666
LSFSKD	0.16666666666666666	0.16666666666666666	0.16666666666666666	0.16666666666666666	0.3333333333333333
LSGDHC	0.3333333333333333	0.0	0.16666666666666666	0.16666666666666666	0.3333333333333333
LSQPKI	0.3333333333333333	0.0	0.16666666666666666	0.0	0.5
LSTVYV	0.5	0.16666666666666666	0.0	0.0	0.3333333333333333
LTFIQV	0.5	0.16666666666666666	0.0	0.0	0.3333333333333333
LTITQH	0.3333333333333333	0.0	0.16666666666666666	0.0	0.5
LTQRGF	0.3333333333333333	0.16666666666666666	0.16666666666666666	0.0	0.3333333333333333
LTTVYV	0.5	0.16666666666666666	0.0	0.0	0.3333333333333333
LTVIIE	0.6666666666666666	0.0	0.0	0.16666666666666666	0.16666666666666666
LVEALY	0.6666666666666666	0.16666666666666666	0.0	0.16666666666666666	0.0
LVFYQQ	0.3333333333333333	0.3333333333333333	0.0	0.0	0.3333333333333333
LVHSSN	0.3333333333333333	0.0	0.16666666666666666	0.0	0.5
LVSSSG	0.5	0.0	0.0	0.0	0.5
LVTVYV	0.6666666666666666	0.16666666666666666	0.0	0.0	0.16666666666666666
LWTVYV	0.5	0.3333333333333333	0.0	0.0	0.16666666666666666
LYQLEN	0.3333333333333333	0.16666666666666666	0.0	0.16666666666666666	0.3333333333333333
LYTVYV	0.5	0.3333333333333333	0.0	0.0	0.16666666666666666
LYVLIV	0.8333333333333334	0.16666666666666666	0.0	0.0	0.0
MAAAQA	0.8333333333333334	0.0	0.0	0.0	0.16666666666666666
MATVYV	0.6666666666666666	0.16666666666666666	0.0	0.0	0.16666666666666666
MCSIFQ	0.3333333333333333	0.16666666666666666	0.0	0.0	0.5
MERLRI	0.5	0.0	0.3333333333333333	0.16666666666666666	0.0
MEWLRI	0.5	0.16666666666666666	0.16666666666666666	0.16666666666666666	0.0
MGGGMN	0.8333333333333334	0.0	0.0	0.0	0.16666666666666666
MGMLAS	0.8333333333333334	0.0	0.0	0.0	0.16666666666666666
MGNNTV	0.5	0.0	0.0	0.0	0.5
MHVNIQ	0.5	0.0	0.16666666666666666	0.0	0.3333333333333333
MIENIQ	0.5	0.0	0.0	0.16666666666666666	0.3333333333333333
MIHFGN	0.5	0.16666666666666666	0.16666666666666666	0.0	0.16666666666666666
MINLYT	0.5	0.16666666666666666	0.0	0.0	0.3333333333333333
MLASQQ	0.5	0.0	0.0	0.0	0.5
MLASRQ	0.5	0.0	0.16666666666666666	0.0	0.3333333333333333
MLVLFV	0.8333333333333334	0.16666666666666666	0.0	0.0	0.0
MMAAAQ	0.8333333333333334	0.0	0.0	0.0	0.16666666666666666
MMGMLA	1.0	0.0	0.0	0.0	0.0
MMHFGN	0.5	0.16666666666666666	0.16666666666666666	0.0	0.16666666666666666
MNFGAF	0.5	0.3333333333333333	0.0	0.0	0.16666666666666666
MNFGTF	0.3333333333333333	0.3333333333333333	0.0	0.0	0.3333333333333333
MQIVYK	0.5	0.16666666666666666	0.16666666666666666	0.0	0.16666666666666666
MSDSNQ	0.16666666666666666	0.0	0.0	0.16666666666666666	0.6666666666666666
MSLNDF	0.3333333333333333	0.16666666666666666	0.0	0.16666666666666666	0.3333333333333333
MTFIQN	0.3333333333333333	0.16666666666666666	0.0	0.0	0.5
MTVIIE	0.6666666666666666	0.0	0.0	0.16666666666666666	0.16666666666666666
MTVKQF	0.3333333333333333	0.16666666666666666	0.16666666666666666	0.0	0.3333333333333333
MVGGVV	1.0	0.0	0.0	0.0	0.0
MYFFIF	0.3333333333333333	0.6666666666666666	0.0	0.0	0.0
MYWIIF	0.5	0.5	0.0	0.0	0.0
NAGSGS	0.5	0.0	0.0	0.0	0.5
NANASS	0.3333333333333333	0.0	0.0	0.0	0.6666666666666666
NANTSN	0.16666666666666666	0.0	0.0	0.0	0.8333333333333334
NAQAQP	0.3333333333333333	0.0	0.0	0.0	0.6666666666666666
NATAHQ	0.3333333333333333	0.0	0.16666666666666666	0.0	0.5
NATKKV	0.3333333333333333	0.0	0.3333333333333333	0.0	0.3333333333333333
NATVYV	0.5	0.16666666666666666	0.0	0.0	0.3333333333333333
NDFQKQ	0.0	0.16666666666666666	0.16666666666666666	0.16666666666666666	0.5
NDNNNN	0.0	0.0	0.0	0.16666666666666666	0.8333333333333334
NDNNSN	0.0	0.0	0.0	0.16666666666666666	0.8333333333333334
NENGNA	0.3333333333333333	0.0	0.0	0.16666666666666666	0.5
NFFIQS	0.16666666666666666	0.3333333333333333	0.0	0.0	0.5
NFFWLL	0.3333333333333333	0.5	0.0	0.0	0.16666666666666666
NFGAFS	0.3333333333333333	0.3333333333333333	0.0	0.0	0.3333333333333333
NFGAIL	0.6666666666666666	0.16666666666666666	0.0	0.0	0.16666666666666666
NFGEFS	0.16666666666666666	0.3333333333333333	0.0	0.16666666666666666	0.3333333333333333
NFGSVQ	0.3333333333333333	0.16666666666666666	0.0	0.0	0.5
NFGTFS	0.16666666666666666	0.3333333333333333	0.0	0.0	0.5
NFLVHS	0.3333333333333333	0.16666666666666666	0.16666666666666666	0.0	0.3333333333333333
NFNNGN	0.16666666666666666	0.16666666666666666	0.0	0.0	0.6666666666666666
NFNYNN	0.0	0.3333333333333333	0.0	0.0	0.6666666666666666
NFVNYS	0.16666666666666666	0.3333333333333333	0.0	0.0	0.5
NGAAVD	0.6666666666666666	0.0	0.0	0.16666666666666666	0.16666666666666666
NGADVG	0.6666666666666666	0.0	0.0	0.16666666666666666	0.16666666666666666
NGERIE	0.3333333333333333	0.0	0.16666666666666666	0.3333333333333333	0.16666666666666666
NGIVIV	0.8333333333333334	0.0	0.0	0.0	0.16666666666666666
NGKSNF	0.16666666666666666	0.16666666666666666	0.16666666666666666	0.0	0.5
NGNLSN	0.3333333333333333	0.0	0.0	0.0	0.6666666666666666
NGNLTS	0.3333333333333333	0.0	0.0	0.0	0.6666666666666666
NGNNSN	0.16666666666666666	0.0	0.0	0.0	0.8333333333333334
NGNQNR	0.16666666666666666	0.0	0.16666666666666666	0.0	0.6666666666666666
NGNQQQ	0.16666666666666666	0.0	0.0	0.0	0.8333333333333334
NHFCIQ	0.16666666666666666	0.16666666666666666	0.16666666666666666	0.0	0.5
NHGGGG	0.6666666666666666	0.0	0.16666666666666666	0.0	0.16666666666666666
NHVTLS	0.3333333333333333	0.0	0.16666666666666666	0.0	0.5
NIDQSF	0.16666666666666666	0.16666666666666666	0.0	0.16666666666666666	0.5
NIFNFT	0.16666666666666666	0.3333333333333333	0.0	0.0	0.5
NIFNIT	0.3333333333333333	0.16666666666666666	0.0	0.0	0.5
NIFWVQ	0.3333333333333333	0.3333333333333333	0.0	0.0	0.3333333333333333
NIGNNS	0.3333333333333333	0.0	0.0	0.0	0.6666666666666666
NIGQSF	0.3333333333333333	0.16666666666666666	0.0	0.0	0.5
NINFFT	0.16666666666666666	0.3333333333333333	0.0	0.0	0.5
NINFIT	0.3333333333333333	0.16666666666666666	0.0	0.0	0.5
NININV	0.5	0.0	0.0	0.0	0.5
NINKSN	0.16666666666666666	0.0	0.16666666666666666	0.0	0.6666666666666666
NINNNN	0.16666666666666666	0.0	0.0	0.0	0.8333333333333334
NINNSI	0.3333333333333333	0.0	0.0	0.0	0.6666666666666666
NINNST	0.16666666666666666	0.0	0.0	0.0	0.8333333333333334
NIQYQF	0.16666666666666666	0.3333333333333333	0.0	0.0	0.5
NISNNN	0.16666666666666666	0.0	0.0	0.0	0.8333333333333334
NIVLIM	0.8333333333333334	0.0	0.0	0.0	0.16666666666666666
NIYQYG	0.3333333333333333	0.3333333333333333	0.0	0.0	0.3333333333333333
NKFGGP	0.3333333333333333	0.16666666666666666	0.16666666666666666	0.0	0.3333333333333333
NKGAII	0.6666666666666666	0.0	0.16666666666666666	0.0	0.16666666666666666
NLFYQL	0.3333333333333333	0.3333333333333333	0.0	0.0	0.3333333333333333
NLGPVL	0.6666666666666666	0.0	0.0	0.0	0.3333333333333333
NLQGYQ	0.3333333333333333	0.16666666666666666	0.0	0.0	0.5
NLYTDR	0.16666666666666666	0.16666666666666666	0.16666666666666666	0.16666666666666666	0.3333333333333333
NMGGGM	0.8333333333333334	0.0	0.0	0.0	0.16666666666666666
NMNMNL	0.5	0.0	0.0	0.0	0.5
NNATAH	0.3333333333333333	0.0	0.16666666666666666	0.0	0.5
NNGGNN	0.3333333333333333	0.0	0.0	0.0	0.6666666666666666
NNLQGY	0.3333333333333333	0.16666666666666666	0.0	0.0	0.5
NNNGNQ	0.16666666666666666	0.0	0.0	0.0	0.8333333333333334
NNNISN	0.16666666666666666	0.0	0.0	0.0	0.8333333333333334
NNNISV	0.3333333333333333	0.0	0.0	0.0	0.6666666666666666
NNNKNN	0.0	0.0	0.16666666666666666	0.0	0.8333333333333334
NNNLQG	0.3333333333333333	0.0	0.0	0.0	0.6666666666666666
NNNNNE	0.0	0.0	0.0	0.16666666666666666	0.8333333333333334
NNNNSN	0.0	0.0	0.0	0.0	1.0
NNNNTN	0.0	0.0	0.0	0.0	1.0
NNNRGG	0.3333333333333333	0.0	0.16666666666666666	0.0	0.5
NNNSSS	0.0	0.0	0.0	0.0	1.0
NNNWSL	0.16666666666666666	0.16666666666666666	0.0	0.0	0.6666666666666666
NNQNTF	0.0	0.16666666666666666	0.0	0.0	0.8333333333333334
NNQQNY	0.0	0.16666666666666666	0.0	0.0	0.8333333333333334
NNRYQG	0.16666666666666666	0.16666666666666666	0.16666666666666666	0.0	0.5
NNSGPN	0.16666666666666666	0.0	0.0	0.0	0.8333333333333334
NNSYSG	0.16666666666666666	0.16666666666666666	0.0	0.0	0.6666666666666666
NNTIFV	0.3333333333333333	0.16666666666666666	0.0	0.0	0.5
NPAMMA	0.6666666666666666	0.0	0.0	0.0	0.3333333333333333
NPDAGY	0.3333333333333333	0.16666666666666666	0.0	0.16666666666666666	0.3333333333333333
NPQGGR	0.3333333333333333	0.0	0.16666666666666666	0.0	0.5
NPQGGY	0.3333333333333333	0.16666666666666666	0.0	0.0	0.5
NQFIIS	0.3333333333333333	0.16666666666666666	0.0	0.0	0.5
NQFNLM	0.3333333333333333	0.16666666666666666	0.0	0.0	0.5
NQGNNQ	0.16666666666666666	0.0	0.0	0.0	0.8333333333333334
NQGYNT	0.16666666666666666	0.16666666666666666	0.0	0.0	0.6666666666666666
NQIVYK	0.3333333333333333	0.16666666666666666	0.16666666666666666	0.0	0.3333333333333333
NQNMNN	0.16666666666666666	0.0	0.0	0.0	0.8333333333333334
NQNNFV	0.16666666666666666	0.16666666666666666	0.0	0.0	0.6666666666666666
NQQNQY	0.0	0.16666666666666666	0.0	0.0	0.8333333333333334
NQQNYQ	0.0	0.16666666666666666	0.0	0.0	0.8333333333333334
NQQQGN	0.16666666666666666	0.0	0.0	0.0	0.8333333333333334
NQSCPS	0.0	0.0	0.0	0.0	1.0
NQSGFG	0.3333333333333333	0.16666666666666666	0.0	0.0	0.5
NQYNSS	0.0	0.16666666666666666	0.0	0.0	0.8333333333333334
NRYQGY	0.16666666666666666	0.3333333333333333	0.16666666666666666	0.0	0.3333333333333333
NSALAL	0.6666666666666666	0.0	0.0	0.0	0.3333333333333333
NSATLD	0.3333333333333333	0.0	0.0	0.16666666666666666	0.5
NSGAAI	0.6666666666666666	0.0	0.0	0.0	0.3333333333333333
NSNINQ	0.16666666666666666	0.0	0.0	0.0	0.8333333333333334
NSNLTA	0.3333333333333333	0.0	0.0	0.0	0.6666666666666666
NSNNSN	0.0	0.0	0.0	0.0	1.0
NSNSSN	0.0	0.0	0.0	0.0	1.0
NSNTNT	0.0	0.0	0.0	0.0	1.0
NSNTTK	0.0	0.0	0.16666666666666666	0.0	0.8333333333333334
NSNYTQ	0.0	0.16666666666666666	0.0	0.0	0.8333333333333334
NSSFNG	0.16666666666666666	0.16666666666666666	0.0	0.0	0.6666666666666666
NSYSGS	0.16666666666666666	0.16666666666666666	0.0	0.0	0.6666666666666666
NTIFVQ	0.3333333333333333	0.16666666666666666	0.0	0.0	0.5
NTNNTS	0.0	0.0	0.0	0.0	1.0
NTVIIE	0.5	0.0	0.0	0.16666666666666666	0.3333333333333333
NVAMHV	0.6666666666666666	0.0	0.16666666666666666	0.0	0.16666666666666666
NVAVHV	0.6666666666666666	0.0	0.16666666666666666	0.0	0.16666666666666666
NVNFSN	0.16666666666666666	0.16666666666666666	0.0	0.0	0.6666666666666666
NVTQVG	0.5	0.0	0.0	0.0	0.5
NYCNFV	0.16666666666666666	0.3333333333333333	0.0	0.0	0.5
NYFAIR	0.3333333333333333	0.3333333333333333	0.16666666666666666	0.0	0.16666666666666666
NYKNFN	0.0	0.3333333333333333	0.16666666666666666	0.0	0.5
NYNNNL	0.16666666666666666	0.16666666666666666	0.0	0.0	0.6666666666666666
NYNNSG	0.16666666666666666	0.16666666666666666	0.0	0.0	0.6666666666666666
NYNNSS	0.0	0.16666666666666666	0.0	0.0	0.8333333333333334
NYNTYR	0.0	0.3333333333333333	0.16666666666666666	0.0	0.5
NYQGYS	0.16666666666666666	0.3333333333333333	0.0	0.0	0.5
NYQQYS	0.0	0.3333333333333333	0.0	0.0	0.6666666666666666
NYVWIV	0.5	0.3333333333333333	0.0	0.0	0.16666666666666666
PAESDK	0.16666666666666666	0.0	0.16666666666666666	0.3333333333333333	0.3333333333333333
PAGGYY	0.5	0.3333333333333333	0.0	0.0	0.16666666666666666
PAMMAA	0.8333333333333334	0.0	0.0	0.0	0.16666666666666666
PATVYV	0.5	0.16666666666666666	0.0	0.0	0.3333333333333333
PDAGYQ	0.3333333333333333	0.16666666666666666	0.0	0.16666666666666666	0.3333333333333333
PGGFGN	0.5	0.16666666666666666	0.0	0.0	0.3333333333333333
PKIQVY	0.3333333333333333	0.16666666666666666	0.16666666666666666	0.0	0.3333333333333333
PKKTLK	0.16666666666666666	0.0	0.5	0.0	0.3333333333333333
PKPKKT	0.0	0.0	0.5	0.0	0.5
PKVEDL	0.3333333333333333	0.0	0.16666666666666666	0.3333333333333333	0.16666666666666666
PMINLY	0.5	0.16666666666666666	0.0	0.0	0.3333333333333333
QANKHI	0.3333333333333333	0.0	0.3333333333333333	0.0	0.3333333333333333
QATVYV	0.5	0.16666666666666666	0.0	0.0	0.3333333333333333
QEMRHF	0.16666666666666666	0.16666666666666666	0.3333333333333333	0.16666666666666666	0.16666666666666666
QFFLQF	0.16666666666666666	0.5	0.0	0.0	0.3333333333333333
QGVCFR	0.3333333333333333	0.16666666666666666	0.16666666666666666	0.0	0.3333333333333333
QILLWS	0.5	0.16666666666666666	0.0	0.0	0.3333333333333333
QLENYC	0.16666666666666666	0.16666666666666666	0.0	0.16666666666666666	0.5
QLFINF	0.3333333333333333	0.3333333333333333	0.0	0.0	0.3333333333333333
QLFLQI	0.5	0.16666666666666666	0.0	0.0	0.3333333333333333
QNLLWQ	0.3333333333333333	0.16666666666666666	0.0	0.0	0.5
QQIVYK	0.3333333333333333	0.16666666666666666	0.16666666666666666	0.0	0.3333333333333333
QQSLFQ	0.16666666666666666	0.16666666666666666	0.0	0.0	0.6666666666666666
QTFLVN	0.3333333333333333	0.16666666666666666	0.0	0.0	0.5
QTVIIE	0.5	0.0	0.0	0.16666666666666666	0.3333333333333333
QYFEQF	0.0	0.5	0.0	0.16666666666666666	0.3333333333333333
QYGGNA	0.5	0.16666666666666666	0.0	0.0	0.3333333333333333
QYGGNN	0.3333333333333333	0.16666666666666666	0.0	0.0	0.5
RATVYV	0.5	0.16666666666666666	0.16666666666666666	0.0	0.16666666666666666
RQVLIF	0.5	0.16666666666666666	0.16666666666666666	0.0	0.16666666666666666
RTVIIE	0.5	0.0	0.16666666666666666	0.16666666666666666	0.16666666666666666
RVFNIM	0.5	0.16666666666666666	0.16666666666666666	0.0	0.16666666666666666
SALALQ	0.6666666666666666	0.0	0.0	0.0	0.3333333333333333
SATVYV	0.5	0.16666666666666666	0.0	0.0	0.3333333333333333
SAVIIE	0.6666666666666666	0.0	0.0	0.16666666666666666	0.16666666666666666
SDVIIE	0.5	0.0	0.0	0.3333333333333333	0.16666666666666666
SELNIY	0.3333333333333333	0.16666666666666666	0.0	0.16666666666666666	0.3333333333333333
SEVIIE	0.5	0.0	0.0	0.3333333333333333	0.16666666666666666
SFFFIQ	0.16666666666666666	0.5	0.0	0.0	0.3333333333333333
SFLIFL	0.5	0.3333333333333333	0.0	0.0	0.16666666666666666
SFQIYA	0.3333333333333333	0.3333333333333333	0.0	0.0	0.3333333333333333
SFVIIE	0.5	0.16666666666666666	0.0	0.16666666666666666	0.16666666666666666
SGVIIE	0.6666666666666666	0.0	0.0	0.16666666666666666	0.16666666666666666
SIVIIE	0.6666666666666666	0.0	0.0	0.16666666666666666	0.16666666666666666
SLVIIE	0.6666666666666666	0.0	0.0	0.16666666666666666	0.16666666666666666
SMVIIE	0.6666666666666666	0.0	0.0	0.16666666666666666	0.16666666666666666
SMVLFS	0.5	0.16666666666666666	0.0	0.0	0.3333333333333333
SNQNNF	0.0	0.16666666666666666	0.0	0.0	0.8333333333333334
SNVIIE	0.5	0.0	0.0	0.16666666666666666	0.3333333333333333
SQAIIH	0.5	0.0	0.16666666666666666	0.0	0.3333333333333333
SQFYIT	0.16666666666666666	0.3333333333333333	0.0	0.0	0.5
SQIVYK	0.3333333333333333	0.16666666666666666	0.16666666666666666	0.0	0.3333333333333333
SQVIIE	0.5	0.0	0.0	0.16666666666666666	0.3333333333333333
SSNNFG	0.16666666666666666	0.16666666666666666	0.0	0.0	0.6666666666666666
SSQVTQ	0.16666666666666666	0.0	0.0	0.0	0.8333333333333334
SSTNVG	0.3333333333333333	0.0	0.0	0.0	0.6666666666666666
SSTSAA	0.3333333333333333	0.0	0.0	0.0	0.6666666666666666
SSVIIE	0.5	0.0	0.0	0.16666666666666666	0.3333333333333333
STEIIE	0.3333333333333333	0.0	0.0	0.3333333333333333	0.3333333333333333
STFIFE	0.16666666666666666	0.3333333333333333	0.0	0.16666666666666666	0.3333333333333333
STFIIE	0.3333333333333333	0.16666666666666666	0.0	0.16666666666666666	0.3333333333333333
STFLIE	0.3333333333333333	0.16666666666666666	0.0	0.16666666666666666	0.3333333333333333
STFTFE	0.0	0.3333333333333333	0.0	0.16666666666666666	0.5
STLIIE	0.5	0.0	0.0	0.16666666666666666	0.3333333333333333
STMSIT	0.3333333333333333	0.0	0.0	0.0	0.6666666666666666
STNIIE	0.3333333333333333	0.0	0.0	0.16666666666666666	0.5
STQIIE	0.3333333333333333	0.0	0.0	0.16666666666666666	0.5
STSIIE	0.3333333333333333	0.0	0.0	0.16666666666666666	0.5
STVEIE	0.3333333333333333	0.0	0.0	0.3333333333333333	0.3333333333333333
STVFIE	0.3333333333333333	0.16666666666666666	0.0	0.16666666666666666	0.3333333333333333
STVIFE	0.3333333333333333	0.16666666666666666	0.0	0.16666666666666666	0.3333333333333333
STVIIA	0.6666666666666666	0.0	0.0	0.0	0.3333333333333333
STVIID	0.5	0.0	0.0	0.16666666666666666	0.3333333333333333
STVIIE	0.5	0.0	0.0	0.16666666666666666	0.3333333333333333
STVIIF	0.5	0.16666666666666666	0.0	0.0	0.3333333333333333
STVIIG	0.6666666666666666	0.0	0.0	0.0	0.3333333333333333
STVIII	0.6666666666666666	0.0	0.0	0.0	0.3333333333333333
STVIIL	0.6666666666666666	0.0	0.0	0.0	0.3333333333333333
STVIIM	0.6666666666666666	0.0	0.0	0.0	0.3333333333333333
STVIIN	0.5	0.0	0.0	0.0	0.5
STVIIQ	0.5	0.0	0.0	0.0	0.5
STVIIS	0.5	0.0	0.0	0.0	0.5
STVIIT	0.5	0.0	0.0	0.0	0.5
STVIIV	0.6666666666666666	0.0	0.0	0.0	0.3333333333333333
STVIIW	0.5	0.16666666666666666	0.0	0.0	0.3333333333333333
STVIIY	0.5	0.16666666666666666	0.0	0.0	0.3333333333333333
STVIYE	0.3333333333333333	0.16666666666666666	0.0	0.16666666666666666	0.3333333333333333
STVLIE	0.5	0.0	0.0	0.16666666666666666	0.3333333333333333
STVNIE	0.3333333333333333	0.0	0.0	0.16666666666666666	0.5
STVTIE	0.3333333333333333	0.0	0.0	0.16666666666666666	0.5
STVWIE	0.3333333333333333	0.16666666666666666	0.0	0.16666666666666666	0.3333333333333333
STVYIE	0.3333333333333333	0.16666666666666666	0.0	0.16666666666666666	0.3333333333333333
STWIFE	0.16666666666666666	0.3333333333333333	0.0	0.16666666666666666	0.3333333333333333
STWIIE	0.3333333333333333	0.16666666666666666	0.0	0.16666666666666666	0.3333333333333333
STWIYE	0.16666666666666666	0.3333333333333333	0.0	0.16666666666666666	0.3333333333333333
STWLIE	0.3333333333333333	0.16666666666666666	0.0	0.16666666666666666	0.3333333333333333
SVNLDV	0.5	0.0	0.0	0.16666666666666666	0.3333333333333333
SVSSSY	0.16666666666666666	0.16666666666666666	0.0	0.0	0.6666666666666666
SVVIIE	0.6666666666666666	0.0	0.0	0.16666666666666666	0.16666666666666666
SYSTMS	0.16666666666666666	0.16666666666666666	0.0	0.0	0.6666666666666666
SYVIIE	0.5	0.16666666666666666	0.0	0.16666666666666666	0.16666666666666666
TAMIIQ	0.6666666666666666	0.0	0.0	0.0	0.3333333333333333
TAMLGT	0.6666666666666666	0.0	0.0	0.0	0.3333333333333333
TASNSS	0.16666666666666666	0.0	0.0	0.0	0.8333333333333334
TATVYV	0.5	0.16666666666666666	0.0	0.0	0.3333333333333333
TAVTHR	0.3333333333333333	0.0	0.3333333333333333	0.0	0.3333333333333333
TAVVTN	0.5	0.0	0.0	0.0	0.5
TCMLGT	0.5	0.0	0.0	0.0	0.5
TCVTHR	0.16666666666666666	0.0	0.3333333333333333	0.0	0.5
TFQINS	0.16666666666666666	0.16666666666666666	0.0	0.0	0.6666666666666666
TGELAT	0.5	0.0	0.0	0.16666666666666666	0.3333333333333333
TIITLE	0.5	0.0	0.0	0.16666666666666666	0.3333333333333333
TIITVT	0.5	0.0	0.0	0.0	0.5
TQIVYK	0.3333333333333333	0.16666666666666666	0.16666666666666666	0.0	0.3333333333333333
TTVIIE	0.5	0.0	0.0	0.16666666666666666	0.3333333333333333
TYVEYI	0.3333333333333333	0.3333333333333333	0.0	0.16666666666666666	0.16666666666666666
VAFNIT	0.5	0.16666666666666666	0.0	0.0	0.3333333333333333
VAIVYK	0.6666666666666666	0.16666666666666666	0.16666666666666666	0.0	0.0
VANFIT	0.5	0.16666666666666666	0.0	0.0	0.3333333333333333
VATVYV	0.6666666666666666	0.16666666666666666	0.0	0.0	0.16666666666666666
VAVHVF	0.6666666666666666	0.16666666666666666	0.16666666666666666	0.0	0.0
VCIVYK	0.5	0.16666666666666666	0.16666666666666666	0.0	0.16666666666666666
VDIVYK	0.5	0.16666666666666666	0.16666666666666666	0.16666666666666666	0.0
VEALYL	0.6666666666666666	0.16666666666666666	0.0	0.16666666666666666	0.0
VEIVYK	0.5	0.16666666666666666	0.16666666666666666	0.16666666666666666	0.0
VFFNNT	0.16666666666666666	0.3333333333333333	0.0	0.0	0.5
VFIVYK	0.5	0.3333333333333333	0.16666666666666666	0.0	0.0
VGIVYK	0.6666666666666666	0.16666666666666666	0.16666666666666666	0.0	0.0
VHIVYK	0.5	0.16666666666666666	0.3333333333333333	0.0	0.0
VIFTIM	0.6666666666666666	0.16666666666666666	0.0	0.0	0.16666666666666666
VIGIAQ	0.8333333333333334	0.0	0.0	0.0	0.16666666666666666
VIIVYK	0.6666666666666666	0.16666666666666666	0.16666666666666666	0.0	0.0
VILLIS	0.8333333333333334	0.0	0.0	0.0	0.16666666666666666
VIVATT	0.6666666666666666	0.0	0.0	0.0	0.3333333333333333
VKIVYK	0.5	0.16666666666666666	0.3333333333333333	0.0	0.0
VLIVYK	0.6666666666666666	0.16666666666666666	0.16666666666666666	0.0	0.0
VLVEAQ	0.6666666666666666	0.0	0.0	0.16666666666666666	0.16666666666666666
VMIVYK	0.6666666666666666	0.16666666666666666	0.16666666666666666	0.0	0.0
VNIVYK	0.5	0.16666666666666666	0.16666666666666666	0.0	0.16666666666666666
VNQLYQ	0.3333333333333333	0.16666666666666666	0.0	0.0	0.5
VNVTQV	0.5	0.0	0.0	0.0	0.5
VQCVYK	0.3333333333333333	0.16666666666666666	0.16666666666666666	0.0	0.3333333333333333
VQFLQS	0.3333333333333333	0.16666666666666666	0.0	0.0	0.5
VQFVYK	0.3333333333333333	0.3333333333333333	0.16666666666666666	0.0	0.16666666666666666
VQICYK	0.3333333333333333	0.16666666666666666	0.16666666666666666	0.0	0.3333333333333333
VQIDYK	0.3333333333333333	0.16666666666666666	0.16666666666666666	0.16666666666666666	0.16666666666666666
VQIFYK	0.3333333333333333	0.3333333333333333	0.16666666666666666	0.0	0.16666666666666666
VQIINK	0.5	0.0	0.16666666666666666	0.0	0.3333333333333333
VQIIYK	0.5	0.16666666666666666	0.16666666666666666	0.0	0.16666666666666666
VQIKYK	0.3333333333333333	0.16666666666666666	0.3333333333333333	0.0	0.16666666666666666
VQILYK	0.5	0.16666666666666666	0.16666666666666666	0.0	0.16666666666666666
VQIMYK	0.5	0.16666666666666666	0.16666666666666666	0.0	0.16666666666666666
VQINYK	0.3333333333333333	0.16666666666666666	0.16666666666666666	0.0	0.3333333333333333
VQIQYK	0.3333333333333333	0.16666666666666666	0.16666666666666666	0.0	0.3333333333333333
VQIRYK	0.3333333333333333	0.16666666666666666	0.3333333333333333	0.0	0.16666666666666666
VQISYK	0.3333333333333333	0.16666666666666666	0.16666666666666666	0.0	0.3333333333333333
VQITYK	0.3333333333333333	0.16666666666666666	0.16666666666666666	0.0	0.3333333333333333
VQIVAK	0.6666666666666666	0.0	0.16666666666666666	0.0	0.16666666666666666
VQIVCK	0.5	0.0	0.16666666666666666	0.0	0.3333333333333333
VQIVDK	0.5	0.0	0.16666666666666666	0.16666666666666666	0.16666666666666666
VQIVEK	0.5	0.0	0.16666666666666666	0.16666666666666666	0.16666666666666666
VQIVFK	0.5	0.16666666666666666	0.16666666666666666	0.0	0.16666666666666666
VQIVGK	0.6666666666666666	0.0	0.16666666666666666	0.0	0.16666666666666666
VQIVHK	0.5	0.0	0.3333333333333333	0.0	0.16666666666666666
VQIVIK	0.6666666666666666	0.0	0.16666666666666666	0.0	0.16666666666666666
VQIVKK	0.5	0.0	0.3333333333333333	0.0	0.16666666666666666
VQIVLK	0.6666666666666666	0.0	0.16666666666666666	0.0	0.16666666666666666
VQIVMK	0.6666666666666666	0.0	0.16666666666666666	0.0	0.16666666666666666
VQIVNK	0.5	0.0	0.16666666666666666	0.0	0.3333333333333333
VQIVPK	0.5	0.0	0.16666666666666666	0.0	0.3333333333333333
VQIVQK	0.5	0.0	0.16666666666666666	0.0	0.3333333333333333
VQIVRK	0.5	0.0	0.3333333333333333	0.0	0.16666666666666666
VQIVSK	0.5	0.0	0.16666666666666666	0.0	0.3333333333333333
VQIVTK	0.5	0.0	0.16666666666666666	0.0	0.3333333333333333
VQIVVK	0.6666666666666666	0.0	0.16666666666666666	0.0	0.16666666666666666
VQIVWK	0.5	0.16666666666666666	0.16666666666666666	0.0	0.16666666666666666
VQIVYA	0.6666666666666666	0.16666666666666666	0.0	0.0	0.16666666666666666
VQIVYC	0.5	0.16666666666666666	0.0	0.0	0.3333333333333333
VQIVYD	0.5	0.16666666666666666	0.0	0.16666666666666666	0.16666666666666666
VQIVYE	0.5	0.16666666666666666	0.0	0.16666666666666666	0.16666666666666666
VQIVYF	0.5	0.3333333333333333	0.0	0.0	0.16666666666666666
VQIVYG	0.6666666666666666	0.16666666666666666	0.0	0.0	0.16666666666666666
VQIVYH	0.5	0.16666666666666666	0.16666666666666666	0.0	0.16666666666666666
VQIVYI	0.6666666666666666	0.16666666666666666	0.0	0.0	0.16666666666666666
VQIVYK	0.5	0.16666666666666666	0.16666666666666666	0.0	0.16666666666666666
VQIVYL	0.6666666666666666	0.16666666666666666	0.0	0.0	0.16666666666666666
VQIVYM	0.6666666666666666	0.16666666666666666	0.0	0.0	0.16666666666666666
VQIVYN	0.5	0.16666666666666666	0.0	0.0	0.3333333333333333
VQIVYP	0.5	0.16666666666666666	0.0	0.0	0.3333333333333333
VQIVYQ	0.5	0.16666666666666666	0.0	0.0	0.3333333333333333
VQIVYR	0.5	0.16666666666666666	0.16666666666666666	0.0	0.16666666666666666
VQIVYS	0.5	0.16666666666666666	0.0	0.0	0.3333333333333333
VQIVYT	0.5	0.16666666666666666	0.0	0.0	0.3333333333333333
VQIVYV	0.6666666666666666	0.16666666666666666	0.0	0.0	0.16666666666666666
VQIVYW	0.5	0.3333333333333333	0.0	0.0	0.16666666666666666
VQIVYY	0.5	0.3333333333333333	0.0	0.0	0.16666666666666666
VQIWYK	0.3333333333333333	0.3333333333333333	0.16666666666666666	0.0	0.16666666666666666
VQIYYK	0.3333333333333333	0.3333333333333333	0.16666666666666666	0.0	0.16666666666666666
VQLVYK	0.5	0.16666666666666666	0.16666666666666666	0.0	0.16666666666666666
VQMVYK	0.5	0.16666666666666666	0.16666666666666666	0.0	0.16666666666666666
VQNVYK	0.3333333333333333	0.16666666666666666	0.16666666666666666	0.0	0.3333333333333333
VQQVYK	0.3333333333333333	0.16666666666666666	0.16666666666666666	0.0	0.3333333333333333
VQTVYK	0.3333333333333333	0.16666666666666666	0.16666666666666666	0.0	0.3333333333333333
VQVVYK	0.5	0.16666666666666666	0.16666666666666666	0.0	0.16666666666666666
VRIVYK	0.5	0.16666666666666666	0.3333333333333333	0.0	0.0
VSFEIV	0.5	0.16666666666666666	0.0	0.16666666666666666	0.16666666666666666
VSFLSA	0.5	0.16666666666666666	0.0	0.0	0.3333333333333333
VSIVYK	0.5	0.16666666666666666	0.16666666666666666	0.0	0.16666666666666666
VSTTVV	0.5	0.0	0.0	0.0	0.5
VTFTIQ	0.3333333333333333	0.16666666666666666	0.0	0.0	0.5
VTIVYK	0.5	0.16666666666666666	0.16666666666666666	0.0	0.16666666666666666
VTLHAT	0.5	0.0	0.16666666666666666	0.0	0.3333333333333333
VTLWWG	0.5	0.3333333333333333	0.0	0.0	0.16666666666666666
VTQVGF	0.5	0.16666666666666666	0.0	0.0	0.3333333333333333
VTSTFS	0.16666666666666666	0.16666666666666666	0.0	0.0	0.6666666666666666
VTVIIE	0.6666666666666666	0.0	0.0	0.16666666666666666	0.16666666666666666
VTVQAT	0.5	0.0	0.0	0.0	0.5
VVFFIC	0.5	0.3333333333333333	0.0	0.0	0.16666666666666666
VVIVYK	0.6666666666666666	0.16666666666666666	0.16666666666666666	0.0	0.0
VVSTTV	0.5	0.0	0.0	0.0	0.5
VWIVYK	0.5	0.3333333333333333	0.16666666666666666	0.0	0.0
VYIMIG	0.8333333333333334	0.16666666666666666	0.0	0.0	0.0
VYIVYK	0.5	0.3333333333333333	0.16666666666666666	0.0	0.0
WATVYV	0.5	0.3333333333333333	0.0	0.0	0.16666666666666666
WIVIFF	0.5	0.5	0.0	0.0	0.0
WPNVIT	0.3333333333333333	0.16666666666666666	0.0	0.0	0.5
WQIVYK	0.3333333333333333	0.3333333333333333	0.16666666666666666	0.0	0.16666666666666666
WTFNLY	0.16666666666666666	0.5	0.0	0.0	0.3333333333333333
WTVIIE	0.5	0.16666666666666666	0.0	0.16666666666666666	0.16666666666666666
WTVNYS	0.16666666666666666	0.3333333333333333	0.0	0.0	0.5
WVFWIG	0.5	0.5	0.0	0.0	0.0
YAELIV	0.6666666666666666	0.16666666666666666	0.0	0.16666666666666666	0.0
YATVYV	0.5	0.3333333333333333	0.0	0.0	0.16666666666666666
YHLAMA	0.6666666666666666	0.16666666666666666	0.16666666666666666	0.0	0.0
YIFNNC	0.16666666666666666	0.3333333333333333	0.0	0.0	0.5
YLFLQY	0.3333333333333333	0.5	0.0	0.0	0.16666666666666666
YLLWYC	0.3333333333333333	0.5	0.0	0.0	0.16666666666666666
YLLYYT	0.3333333333333333	0.5	0.0	0.0	0.16666666666666666
YLNWYQ	0.16666666666666666	0.5	0.0	0.0	0.3333333333333333
YLVNFT	0.3333333333333333	0.3333333333333333	0.0	0.0	0.3333333333333333
YNNYNN	0.0	0.3333333333333333	0.0	0.0	0.6666666666666666
YQIVYK	0.3333333333333333	0.3333333333333333	0.16666666666666666	0.0	0.16666666666666666
YQLIWQ	0.3333333333333333	0.3333333333333333	0.0	0.0	0.3333333333333333
YTVIIE	0.5	0.16666666666666666	0.0	0.16666666666666666	0.16666666666666666
YVEYIG	0.5	0.3333333333333333	0.0	0.16666666666666666	0.0
YYQNYQ	0.0	0.5	0.0	0.0	0.5
IIGLMV	1.0	0.0	0.0	0.0	0.0
FDTAST	0.16666666666666666	0.16666666666666666	0.0	0.16666666666666666	0.5
KVKVLG	0.6666666666666666	0.0	0.3333333333333333	0.0	0.0
GDVIEW	0.5	0.16666666666666666	0.0	0.3333333333333333	0.0
VKAVAK	0.6666666666666666	0.0	0.3333333333333333	0.0	0.0
IKGAIK	0.6666666666666666	0.0	0.3333333333333333	0.0	0.0
